[[145.831,-16.772,-243.482,-0.996,0,0.094,0,1,0,-0.094,0,-0.996,-15.929,0,-1.51,8,0],[145.711,-16.772,-243.494,-0.996,0,0.094,0,1,0,-0.094,0,-0.996,"v","S","J"],[145.626,-16.772,-243.502,-0.996,0,0.094,0,1,0,-0.094,0,-0.996,"v","S","J"],[145.509,-16.772,-243.513,-0.996,0,0.094,0,1,0,-0.094,0,-0.996,"v","S","J"],[145.433,-16.772,-243.52,-0.996,0,0.094,0,1,0,-0.094,0,-0.996,"v","S","J"],[145.299,-16.772,-243.533,-0.996,0,0.094,0,1,0,-0.094,0,-0.996,"v","S","J"],[145.206,-16.772,-243.541,-0.996,0,0.094,0,1,0,-0.094,0,-0.996,"v","S","J"],[145.106,-16.772,-243.551,-0.996,0,0.094,0,1,0,-0.094,0,-0.996,"v","S","J"],[145.005,-16.772,-243.561,-0.996,0,0.094,0,1,0,-0.094,0,-0.996,"v","S","J"],[144.903,-16.772,-243.57,-0.996,0,0.094,0,1,0,-0.094,0,-0.996,"v","S","J"],[144.857,-16.772,-243.575,-0.996,0,0.094,0,1,0,-0.094,0,-0.996,"v","S","J"],[144.745,-16.772,-243.585,-0.996,0,0.094,0,1,0,-0.094,0,-0.996,"v","S","J"],[144.664,-16.772,-243.592,-0.996,0,0.094,0,1,0,-0.094,0,-0.996,"v","S","J"],[144.531,-16.772,-243.605,-0.996,0,0.094,0,1,0,-0.094,0,-0.996,"v","S","J"],[144.452,-16.772,-243.613,-0.996,0,0.094,0,1,0,-0.094,0,-0.996,"v","S","J"],[144.359,-16.772,-243.622,-0.996,0,0.094,0,1,0,-0.094,0,-0.996,"v","S","J"],[144.233,-16.772,-243.633,-0.996,0,0.094,0,1,0,-0.094,0,-0.996,"v","S","J"],[144.178,-16.772,-243.639,-0.996,0,0.094,0,1,0,-0.094,0,-0.996,"v","S","J"],[144.101,-16.772,-243.646,-0.996,0,0.094,0,1,0,-0.094,0,-0.996,"v","S","J"],[143.983,-16.772,-243.657,-0.996,0,0.094,0,1,0,-0.094,0,-0.996,"v","S","J"],[143.913,-16.772,-243.664,-0.996,0,0.094,0,1,0,-0.094,0,-0.996,"v","S","J"],[143.791,-16.772,-243.675,-0.996,0,0.094,0,1,0,-0.094,0,-0.996,"v","S","J"],[143.716,-16.772,-243.682,-0.996,0,0.094,0,1,0,-0.094,0,-0.996,"v","S","J"],[143.613,-16.772,-243.692,-0.996,0,0.094,0,1,0,-0.094,0,-0.996,"v","S","J"],[143.516,-16.772,-243.701,-0.996,0,0.094,0,1,0,-0.094,0,-0.996,"v","S","J"],[143.449,-16.772,-243.708,-0.996,0,0.094,0,1,0,-0.094,0,-0.996,"v","S","J"],[143.281,-16.772,-243.724,-0.996,0,0.094,0,1,0,-0.094,0,-0.996,"v","S","J"],[143.206,-16.772,-243.731,-0.996,0,0.094,0,1,0,-0.094,0,-0.996,"v","S","J"],[143.112,-16.772,-243.74,-0.996,0,0.094,0,1,0,-0.094,0,-0.996,"v","S","J"],[142.899,-16.772,-243.76,-0.996,0,0.094,0,1,0,-0.094,0,-0.996,"v","S","J"],[142.779,-16.772,-243.772,-0.996,0,0.094,0,1,0,-0.094,0,-0.996,"v","S","J"],[142.685,-16.772,-243.78,-0.996,0,0.094,0,1,0,-0.094,0,-0.996,"v","S","J"],[142.623,-16.772,-243.786,-0.996,0,0.094,0,1,0,-0.094,0,-0.996,"v","S","J"],[142.475,-16.772,-243.8,-0.996,0,0.094,0,1,0,-0.094,0,-0.996,"v","S","J"],[142.431,-16.772,-243.804,-0.996,0,0.094,0,1,0,-0.094,0,-0.996,"v","S","J"],[142.305,-16.42,-243.816,-0.996,0,0.094,0,1,0,-0.094,0,-0.996,-15.929,41.9,-1.51,"S","J"],[142.247,-16.229,-243.822,-0.996,0,0.094,0,1,0,-0.094,0,-0.996,-15.929,51.783,-1.51,3,"J"],[142.163,-15.962,-243.83,-0.996,0,0.094,0,1,0,-0.094,0,-0.996,-15.929,50.746,-1.51,5,"J"],[142.044,-15.592,-243.841,-0.996,0,0.094,0,1,0,-0.094,0,-0.996,-15.929,49.285,-1.51,"S","J"],[141.925,-15.233,-243.852,-0.996,0,0.094,0,1,0,-0.094,0,-0.996,-15.929,47.824,-1.51,"S","J"],[141.81,-14.895,-243.863,-0.996,0,0.094,0,1,0,-0.094,0,-0.996,-15.929,46.402,-1.51,"S","J"],[141.727,-14.659,-243.871,-0.996,0,0.094,0,1,0,-0.094,0,-0.996,-15.929,45.387,-1.51,"S","J"],[141.651,-14.446,-243.878,-0.996,0,0.094,0,1,0,-0.094,0,-0.996,-15.929,44.45,-1.51,"S","J"],[141.567,-14.218,-243.886,-0.996,0,0.094,0,1,0,-0.094,0,-0.996,-15.929,43.415,-1.51,"S","J"],[141.459,-13.929,-243.896,-0.996,0,0.094,0,1,0,-0.094,0,-0.996,-15.929,42.082,-1.51,"S","J"],[141.312,-13.555,-243.91,-0.996,0,0.094,0,1,0,-0.094,0,-0.996,-15.929,40.279,-1.51,"S","J"],[141.243,-13.381,-243.917,-0.996,0,0.094,0,1,0,-0.094,0,-0.996,-15.929,39.418,-1.51,"S","J"],[141.155,-13.168,-243.926,-0.996,0,0.094,0,1,0,-0.094,0,-0.996,-15.929,38.33,-1.51,"S","J"],[141.099,-13.037,-243.931,-0.998,0,0.06,0,1,0,-0.06,0,-0.998,-15.931,37.645,-1.492,"S","J"],[141.003,-12.816,-243.938,-0.999,0,0.036,0,1,0,-0.036,0,-0.999,-15.947,36.454,-1.286,"S","J"],[140.906,-12.6,-243.945,-1,0,0.009,0,1,0,-0.009,0,-1,-15.967,35.265,-1.003,"S","J"],[140.846,-12.471,-243.948,-1,0,-0.012,0,1,0,0.012,0,-1,-15.98,34.536,-0.749,"S","J"],[140.708,-12.185,-243.95,-0.999,0,-0.041,0,1,0,0.041,0,-0.999,-15.996,32.843,-0.187,"S","J"],[140.647,-12.062,-243.949,-0.998,0,-0.058,0,1,0,0.058,0,-0.998,-15.997,32.095,0.064,"S","J"],[140.538,-11.851,-243.947,-0.996,0,-0.086,0,1,0,0.086,0,-0.996,-15.99,30.752,0.464,"S","J"],[140.437,-11.662,-243.942,-0.993,0,-0.116,0,1,0,0.116,0,-0.993,-15.976,29.517,0.845,"S","J"],[140.364,-11.531,-243.936,-0.991,0,-0.136,0,1,0,0.136,0,-0.991,-15.947,28.62,1.246,"S","J"],[140.236,-11.31,-243.922,-0.985,0,-0.173,0,1,0,0.173,0,-0.985,-15.894,27.037,1.81,"S","J"],[140.163,-11.19,-243.912,-0.979,0,-0.203,0,1,0,0.203,0,-0.979,-15.864,26.132,2.068,"S","J"],[140.039,-10.995,-243.892,-0.973,0,-0.232,0,1,0,0.232,0,-0.973,-15.774,24.598,2.659,"S","J"],[139.98,-10.904,-243.881,-0.967,0,-0.256,0,1,0,0.256,0,-0.967,-15.717,23.856,2.973,"S","J"],[139.845,-10.71,-243.85,-0.956,0,-0.294,0,1,0,0.294,0,-0.956,-15.587,22.162,3.594,"S","J"],[139.771,-10.609,-243.831,-0.949,0,-0.316,0,1,0,0.316,0,-0.949,-15.513,21.224,3.898,"S","J"],[139.646,-10.445,-243.797,-0.934,0,-0.356,0,1,0,0.356,0,-0.934,-15.354,19.635,4.488,"S","J"],[139.591,-10.377,-243.779,-0.928,0,-0.372,0,1,0,0.372,0,-0.928,-15.215,18.926,4.924,"S","J"],[139.485,-10.253,-243.74,-0.915,0,-0.403,0,1,0,0.403,0,-0.915,-15.022,17.546,5.488,"S","J"],[139.408,-10.166,-243.71,-0.903,0,-0.43,0,1,0,0.43,0,-0.903,-14.902,16.532,5.816,"S","J"],[139.308,-10.062,-243.668,-0.887,0,-0.463,0,1,0,0.463,0,-0.887,-14.704,15.199,6.294,"S","J"],[139.234,-9.988,-243.634,-0.876,0,-0.482,0,1,0,0.482,0,-0.876,-14.533,14.199,6.682,"S","J"],[139.153,-9.914,-243.593,-0.864,0,-0.504,0,1,0,0.504,0,-0.864,-14.318,13.087,7.125,"S","J"],[139.069,-9.841,-243.549,-0.848,0,-0.529,0,1,0,0.529,0,-0.848,-14.098,11.918,7.56,"S","J"],[138.983,-9.775,-243.499,-0.833,0,-0.553,0,1,0,0.553,0,-0.833,-13.89,10.698,7.93,"S","J"],[138.885,-9.705,-243.439,-0.818,0,-0.575,0,1,0,0.575,0,-0.818,-13.603,9.298,8.417,"S","J"],[138.815,-9.662,-243.393,-0.805,0,-0.593,0,1,0,0.593,0,-0.805,-13.413,8.26,8.716,"S","J"],[138.731,-9.615,-243.337,-0.795,0,-0.607,0,1,0,0.607,0,-0.795,-13.204,7.03,9.033,"S","J"],[138.667,-9.585,-243.291,-0.781,0,-0.625,0,1,0,0.625,0,-0.781,-12.98,6.054,9.348,"S","J"],[138.589,-9.555,-243.232,-0.757,0,-0.654,0,1,0,0.654,0,-0.757,-12.781,4.859,9.619,"S","J"],[138.472,-9.522,-243.14,-0.731,0,-0.682,0,1,0,0.682,0,-0.731,-12.49,3.036,9.994,"S","J"],[138.408,-9.51,-243.086,-0.717,0,-0.697,0,1,0,0.697,0,-0.717,-12.232,2.007,10.308,"S","J"],[138.324,-9.505,-243.009,-0.695,0,-0.719,0,1,0,0.719,0,-0.695,-11.817,0.601,10.777,"S","J"],[138.244,-9.507,-242.932,-0.672,0,-0.741,0,1,0,0.741,0,-0.672,-11.488,-0.758,11.133,"S","J"],[138.205,-9.513,-242.892,-0.638,0,-0.77,0,1,0,0.77,0,-0.638,-11.257,-1.443,11.359,"S","J"],[138.112,-9.536,-242.789,-0.547,0,-0.837,0,1,0,0.837,0,-0.547,-10.506,-3.151,12.047,"S","J"],[138.054,-9.561,-242.715,-0.516,0,-0.856,0,1,0,0.856,0,-0.516,-9.849,-4.301,12.568,"S","J"],[137.99,-9.596,-242.627,-0.466,0,-0.885,0,1,0,0.885,0,-0.466,-9.076,-5.631,13.151,"S","J"],[137.961,-9.619,-242.58,-0.428,0,-0.904,0,1,0,0.904,0,-0.428,-8.661,-6.315,13.428,"S","J"],[137.909,-9.668,-242.49,-0.378,0,-0.926,0,1,0,0.926,0,-0.378,-7.917,-7.597,13.876,"S","J"],[137.865,-9.719,-242.405,-0.326,0,-0.946,0,1,0,0.946,0,-0.326,-7.207,-8.776,14.265,"S","J"],[137.827,-9.777,-242.319,-0.264,0,-0.964,0,1,0,0.964,0,-0.264,-6.481,-9.932,14.602,"S","J"],[137.791,-9.841,-242.23,-0.207,0,-0.978,0,1,0,0.978,0,-0.207,-5.736,-11.101,14.916,"S","J"],[137.748,-9.95,-242.098,-0.119,0,-0.993,0,1,0,0.993,0,-0.119,-4.55,-12.81,15.299,"S","J"],[137.731,-10.006,-242.033,-0.075,0,-0.997,0,1,0,0.997,0,-0.075,-3.975,-13.63,15.461,"S","J"],[137.712,-10.099,-241.934,-0.018,0,-1,0,1,0,1,0,-0.018,-3.094,-14.865,15.643,"S","J"],[137.696,-10.207,-241.827,0.074,0,-0.997,0,1,0,0.997,0,0.074,-2.13,-16.207,15.802,"S","J"],[137.691,-10.266,-241.772,0.12,0,-0.993,0,1,0,0.993,0,0.12,-1.643,-16.879,15.852,"S","J"],[137.684,-10.407,-241.647,0.191,0,-0.982,0,1,0,0.982,0,0.191,-0.52,-18.422,15.921,"S","J"],[137.684,-10.501,-241.57,0.252,0,-0.968,0,1,0,0.968,0,0.252,0.175,-19.377,15.903,"S","J"],[137.691,-10.634,-241.469,0.309,0,-0.951,0,1,0,0.951,0,0.309,1.087,-20.633,15.826,"S","J"],[137.705,-10.791,-241.355,0.348,0,-0.937,0,1,0,0.937,0,0.348,2.113,-22.05,15.707,"S","J"],[137.721,-10.926,-241.262,0.375,0,-0.927,0,1,0,0.927,0,0.375,2.953,-23.215,15.581,"S","J"],[137.746,-11.087,-241.161,0.453,0,-0.891,0,1,0,0.891,0,0.453,3.875,-24.512,15.373,"S","J"],[137.774,-11.244,-241.067,0.486,0,-0.874,0,1,0,0.874,0,0.486,4.73,-25.723,15.156,"S","J"],[137.794,-11.345,-241.01,0.503,0,-0.864,0,1,0,0.864,0,0.503,5.241,-26.466,14.979,"S","J"],[137.836,-11.539,-240.906,0.513,0,-0.859,0,1,0,0.859,0,0.513,6.183,-27.851,14.616,"S","J"],[137.903,-11.845,-240.764,0.516,0,-0.857,0,1,0,0.857,0,0.516,6.684,-29.896,13.235,"S","J"],[137.946,-12.035,-240.686,0.516,0,-0.857,0,1,0,0.857,0,0.516,6.959,-31.11,12.394,"S","J"],[137.987,-12.252,-240.604,0.516,0,-0.857,0,1,0,0.857,0,0.516,6.105,-32.426,12.157,"S","J"],[138.03,-12.413,-240.516,0.516,0,-0.857,0,1,0,0.857,0,0.516,5.467,-20.435,11.383,12,"J"],[137.879,-12.312,-240.313,0.516,0,-0.857,0,1,0,0.857,0,0.516,-32.813,29.367,33.955,"S","J"],[137.65,-12.11,-240.075,0.516,0,-0.857,0,1,0,0.857,0,0.516,-31.954,27.97,33.408,5,"J"],[137.537,-12.012,-239.956,0.516,0,-0.857,0,1,0,0.857,0,0.516,-31.52,27.265,33.132,"S","J"],[137.237,-11.758,-239.636,0.516,0,-0.857,0,1,0,0.857,0,0.516,-30.338,25.342,32.38,"S","J"],[137.147,-11.685,-239.54,0.516,0,-0.857,0,1,0,0.857,0,0.516,-29.976,24.754,32.15,"S","J"],[136.919,-11.501,-239.292,0.516,0,-0.857,0,1,0,0.857,0,0.516,-29.034,23.221,31.55,"S","J"],[136.764,-11.379,-239.122,0.516,0,-0.857,0,1,0,0.857,0,0.516,-28.377,22.152,31.132,"S","J"],[136.533,-11.205,-238.868,0.516,0,-0.857,0,1,0,0.857,0,0.516,-27.374,20.521,30.493,"S","J"],[136.406,-11.111,-238.724,0.516,0,-0.857,0,1,0,0.857,0,0.516,-26.8,19.589,30.128,"S","J"],[136.269,-11.015,-238.569,0.516,0,-0.857,0,1,0,0.857,0,0.516,-26.171,18.564,29.727,"S","J"],[136.097,-10.896,-238.371,0.505,0,-0.863,0,1,0,0.863,0,0.505,-25.355,17.241,29.212,"S","J"],[136.008,-10.836,-238.266,0.289,0,-0.957,0,1,0,0.957,0,0.289,-24.886,16.532,28.996,"S","J"],[135.882,-10.756,-238.119,0.143,0,-0.99,0,1,0,0.99,0,0.143,-24.213,15.517,28.687,"S","J"],[135.677,-10.631,-237.87,0,0,-1,0,1,0,1,0,0,-23.079,13.798,28.156,"S","J"],[135.591,-10.581,-237.764,-0.099,0,-0.995,0,1,0,0.995,0,-0.099,-22.589,13.05,27.917,"S","J"],[135.433,-10.495,-237.565,-0.169,0,-0.986,0,1,0,0.986,0,-0.169,-21.671,11.632,27.442,"S","J"],[135.257,-10.407,-237.337,-0.349,0,-0.937,0,1,0,0.937,0,-0.349,-20.622,9.978,26.848,"S","J"],[135.144,-10.356,-237.188,-0.449,0,-0.894,0,1,0,0.894,0,-0.449,-19.948,8.871,26.406,"S","J"],[135.093,-10.335,-237.119,-0.506,0,-0.862,0,1,0,0.862,0,-0.506,-19.656,8.357,26.171,"S","J"],[134.969,-10.288,-236.952,-0.573,0,-0.819,0,1,0,0.819,0,-0.573,-18.959,7.071,25.546,"S","J"],[134.858,-10.251,-236.803,-0.653,0,-0.757,0,1,0,0.757,0,-0.653,-18.369,5.91,24.94,"S","J"],[134.736,-10.219,-236.637,-0.7,0,-0.714,0,1,0,0.714,0,-0.7,-17.784,4.568,24.156,"S","J"],[134.638,-10.197,-236.504,-0.75,0,-0.662,0,1,0,0.662,0,-0.75,-17.35,3.463,23.478,"S","J"],[134.507,-10.18,-236.329,-0.783,0,-0.622,0,1,0,0.622,0,-0.783,-16.862,1.946,22.487,"S","J"],[134.428,-10.174,-236.225,-0.811,0,-0.585,0,1,0,0.585,0,-0.811,-16.599,1.015,21.861,"S","J"],[134.299,-10.176,-236.058,-0.813,0,-0.582,0,1,0,0.582,0,-0.813,-16.283,-0.536,20.776,"S","J"],[134.215,-10.183,-235.953,-0.813,0,-0.583,0,1,0,0.583,0,-0.813,-16.077,-1.562,20.057,"S","J"],[134.165,-10.191,-235.893,-0.803,0,-0.595,0,1,0,0.595,0,-0.803,-15.954,-2.173,19.628,"S","J"],[134.071,-10.211,-235.779,-0.797,0,-0.604,0,1,0,0.604,0,-0.797,-15.708,-3.352,18.805,"S","J"],[133.962,-10.243,-235.652,-0.792,0,-0.611,0,1,0,0.611,0,-0.792,-15.41,-4.74,17.838,"S","J"],[133.859,-10.281,-235.536,-0.786,0,-0.619,0,1,0,0.619,0,-0.786,-15.116,-6.06,16.922,"S","J"],[133.741,-10.339,-235.409,-0.777,0,-0.63,0,1,0,0.63,0,-0.777,-14.741,-7.622,15.847,"S","J"],[133.678,-10.375,-235.341,-0.772,0,-0.636,0,1,0,0.636,0,-0.772,-14.527,-8.479,15.261,"S","J"],[133.59,-10.435,-235.252,-0.766,0,-0.643,0,1,0,0.643,0,-0.766,-14.196,-9.691,14.442,"S","J"],[133.487,-10.515,-235.149,-0.757,0,-0.654,0,1,0,0.654,0,-0.757,-13.776,-11.151,13.464,"S","J"],[133.421,-10.575,-235.087,-0.751,0,-0.66,0,1,0,0.66,0,-0.751,-13.461,-12.115,12.837,"S","J"],[133.329,-10.665,-235.002,-0.744,0,-0.668,0,1,0,0.668,0,-0.744,-12.986,-13.476,11.967,"S","J"],[133.249,-10.759,-234.93,-0.738,0,-0.675,0,1,0,0.675,0,-0.738,-12.455,-14.732,11.263,"S","J"],[133.166,-10.866,-234.855,-0.732,0,-0.682,0,1,0,0.682,0,-0.732,-12.018,-16.073,10.805,"S","J"],[133.121,-10.93,-234.814,-0.727,0,-0.687,0,1,0,0.687,0,-0.727,-11.875,-16.815,10.822,"S","J"],[133.083,-10.987,-234.779,-0.724,0,-0.689,0,1,0,0.689,0,-0.724,-11.756,-17.455,10.899,"S","J"],[133.004,-11.115,-234.704,-0.725,0,-0.688,0,1,0,0.688,0,-0.725,-11.633,-18.798,10.997,"S","J"],[132.948,-11.209,-234.651,-0.726,0,-0.687,0,1,0,0.687,0,-0.726,-11.597,-19.736,11.025,"S","J"],[132.849,-11.388,-234.557,-0.726,0,-0.687,0,1,0,0.687,0,-0.726,-11.595,-21.417,11.025,"S","J"],[132.8,-11.482,-234.51,-0.726,0,-0.687,0,1,0,0.687,0,-0.726,-11.611,-22.242,11.008,"S","J"],[132.695,-11.694,-234.411,-0.726,0,-0.687,0,1,0,0.687,0,-0.726,-11.621,-24.013,10.998,"S","J"],[132.651,-11.788,-234.369,-0.726,0,-0.687,0,1,0,0.687,0,-0.726,-11.622,-24.754,10.997,"S","J"],[132.596,-11.91,-234.317,-0.726,0,-0.687,0,1,0,0.687,0,-0.726,-11.622,-25.684,10.997,"S","J"],[132.521,-12.081,-234.246,-0.726,0,-0.687,0,1,0,0.687,0,-0.726,-11.622,-26.952,10.997,"S","J"],[132.443,-12.272,-234.172,-0.726,0,-0.687,0,1,0,0.687,0,-0.726,-11.622,-28.271,10.997,"S","J"],[132.369,-12.457,-234.101,-0.726,0,-0.687,0,1,0,0.687,0,-0.726,-11.622,-29.523,10.997,"S","J"],[132.308,-12.616,-234.044,-0.726,0,-0.687,0,1,0,0.687,0,-0.726,-11.622,-30.544,10.997,"S","J"],[132.223,-12.849,-233.964,-0.726,0,-0.687,0,1,0,0.687,0,-0.726,-11.622,-31.992,10.997,"S","J"],[132.161,-13.024,-233.905,-0.726,0,-0.687,0,1,0,0.687,0,-0.726,-11.622,-33.029,10.997,"S","J"],[132.077,-13.269,-233.826,-0.726,0,-0.687,0,1,0,0.687,0,-0.726,-11.622,-34.443,10.997,"S","J"],[132.016,-13.457,-233.768,-0.726,0,-0.687,0,1,0,0.687,0,-0.726,-11.622,-35.481,10.997,"S","J"],[131.934,-13.714,-233.69,-0.726,0,-0.687,0,1,0,0.687,0,-0.726,-11.622,-36.864,10.997,"S","J"],[131.885,-13.874,-233.644,-0.726,0,-0.687,0,1,0,0.687,0,-0.726,-11.622,-37.693,10.997,"S","J"],[131.787,-14.202,-233.551,-0.726,0,-0.687,0,1,0,0.687,0,-0.726,-11.622,-39.348,10.997,"S","J"],[131.74,-14.363,-233.507,-0.726,0,-0.687,0,1,0,0.687,0,-0.726,-11.622,-40.134,10.997,"S","J"],[131.691,-14.537,-233.461,-0.726,0,-0.687,0,1,0,0.687,0,-0.726,-11.622,-40.962,10.997,"S","J"],[131.593,-14.892,-233.368,-0.726,0,-0.687,0,1,0,0.687,0,-0.726,-11.622,-42.617,10.997,"S","J"],[131.531,-15.123,-233.31,-0.726,0,-0.687,0,1,0,0.687,0,-0.726,-11.622,-43.653,10.997,"S","J"],[131.448,-15.414,-233.231,-0.726,0,-0.687,0,1,0,0.687,0,-0.726,-11.437,-36.935,10.822,7,"J"],[131.385,-15.476,-233.171,-0.726,0,-0.687,0,1,0,0.687,0,-0.726,-11.024,-12.165,10.431,"S","J"],[131.309,-15.501,-233.1,-0.726,0,-0.687,0,1,0,0.687,0,-0.726,-11.162,-1.953,10.561,"S","J"],[131.253,-15.504,-233.046,-0.726,0,-0.687,0,1,0,0.687,0,-0.726,-11.214,-0.699,10.61,"S","J"],[131.182,-15.506,-232.979,-0.726,0,-0.687,0,1,0,0.687,0,-0.726,-11.238,-0.126,10.633,"S","J"],[131.102,-15.506,-232.903,-0.727,0,-0.687,0,1,0,0.687,0,-0.727,-11.034,-0.032,10.434,"S","J"],[131.05,-15.506,-232.853,-0.727,0,-0.687,0,1,0,0.687,0,-0.727,-10.989,-0.009,10.382,"S","J"],[130.959,-15.523,-232.767,-0.726,0,-0.688,0,1,0,0.688,0,-0.726,-11.196,-2.411,10.574,"S","J"],[130.876,-15.565,-232.689,-0.724,0,-0.69,0,1,0,0.69,0,-0.724,-11.157,-6.378,10.538,8,"J"],[130.782,-15.629,-232.601,-0.723,0,-0.691,0,1,0,0.691,0,-0.723,-11.251,-8.205,10.653,7,"J"],[130.737,-15.665,-232.558,-0.721,0,-0.693,0,1,0,0.693,0,-0.721,-11.335,-8.989,10.785,"S","J"],[130.69,-15.705,-232.513,-0.719,0,-0.695,0,1,0,0.695,0,-0.719,-11.321,-9.805,10.809,"S","J"],[130.625,-15.77,-232.451,-0.718,0,-0.696,0,1,0,0.696,0,-0.718,-11.072,-10.955,10.615,"S","J"],[130.56,-15.84,-232.388,-0.718,0,-0.696,0,1,0,0.696,0,-0.718,-10.923,-12.121,10.523,"S","J"],[130.469,-15.849,-232.3,-0.716,0,-0.698,0,1,0,0.698,0,-0.716,-11.257,10.068,10.902,8,"J"],[130.393,-15.496,-232.227,-0.716,0,-0.698,0,1,0,0.698,0,-0.716,-11.257,52.205,10.902,3,"J"],[130.326,-15.19,-232.162,-0.715,0,-0.699,0,1,0,0.699,0,-0.715,-11.305,51.039,10.97,"S","J"],[130.271,-14.947,-232.108,-0.713,0,-0.701,0,1,0,0.701,0,-0.713,-11.404,50.087,11.108,5,"J"],[130.218,-14.719,-232.056,-0.712,0,-0.702,0,1,0,0.702,0,-0.712,-11.421,49.177,11.158,"S","J"],[130.133,-14.359,-231.972,-0.711,0,-0.703,0,1,0,0.703,0,-0.711,-11.416,47.71,11.204,"S","J"],[130.055,-14.041,-231.895,-0.71,0,-0.704,0,1,0,0.704,0,-0.71,-11.397,46.367,11.227,"S","J"],[129.995,-13.801,-231.836,-0.709,0,-0.705,0,1,0,0.705,0,-0.709,-11.382,45.335,11.245,"S","J"],[129.918,-13.505,-231.76,-0.708,0,-0.706,0,1,0,0.706,0,-0.708,-11.364,44.016,11.264,"S","J"],[129.847,-13.234,-231.69,-0.707,0,-0.708,0,1,0,0.708,0,-0.707,-11.345,42.784,11.282,"S","J"],[129.8,-13.061,-231.643,-0.707,0,-0.708,0,1,0,0.708,0,-0.707,-11.335,41.972,11.292,"S","J"],[129.706,-12.72,-231.548,-0.707,0,-0.708,0,1,0,0.708,0,-0.707,-11.308,40.335,11.319,"S","J"],[129.655,-12.542,-231.497,-0.705,0,-0.709,0,1,0,0.709,0,-0.705,-11.305,39.449,11.322,"S","J"],[129.575,-12.272,-231.417,-0.704,0,-0.71,0,1,0,0.71,0,-0.704,-11.304,38.062,11.323,"S","J"],[129.527,-12.113,-231.369,-0.704,0,-0.711,0,1,0,0.711,0,-0.704,-11.297,37.23,11.33,"S","J"],[129.44,-11.835,-231.281,-0.702,0,-0.712,0,1,0,0.712,0,-0.702,-11.274,35.712,11.353,"S","J"],[129.359,-11.587,-231.2,-0.698,0,-0.716,0,1,0,0.716,0,-0.698,-11.251,34.308,11.376,"S","J"],[129.295,-11.393,-231.134,-0.691,0,-0.723,0,1,0,0.723,0,-0.691,-11.215,33.176,11.411,"S","J"],[129.236,-11.226,-231.074,-0.686,0,-0.728,0,1,0,0.728,0,-0.686,-11.154,32.146,11.471,"S","J"],[129.155,-10.999,-230.99,-0.681,0,-0.732,0,1,0,0.732,0,-0.681,-11.072,30.719,11.551,"S","J"],[129.099,-10.846,-230.93,-0.676,0,-0.737,0,1,0,0.737,0,-0.676,-11.007,29.707,11.613,"S","J"],[129.019,-10.635,-230.845,-0.669,0,-0.743,0,1,0,0.743,0,-0.669,-10.92,28.27,11.694,"S","J"],[128.974,-10.52,-230.795,-0.664,0,-0.748,0,1,0,0.748,0,-0.664,-10.853,27.449,11.756,"S","J"],[128.929,-10.409,-230.746,-0.658,0,-0.753,0,1,0,0.753,0,-0.658,-10.737,26.627,11.861,"S","J"],[128.877,-10.283,-230.687,-0.656,0,-0.754,0,1,0,0.754,0,-0.656,-10.58,25.668,12.002,"S","J"],[128.818,-10.147,-230.62,-0.656,0,-0.754,0,1,0,0.754,0,-0.656,-10.53,24.579,12.046,"S","J"],[128.748,-9.989,-230.539,-0.656,0,-0.754,0,1,0,0.754,0,-0.656,-10.508,23.264,12.066,"S","J"],[128.668,-9.821,-230.448,-0.656,0,-0.754,0,1,0,0.754,0,-0.656,-10.504,21.774,12.069,"S","J"],[128.624,-9.734,-230.398,-0.656,0,-0.754,0,1,0,0.754,0,-0.656,-10.504,20.958,12.069,"S","J"],[128.551,-9.596,-230.314,-0.656,0,-0.754,0,1,0,0.754,0,-0.656,-10.503,19.601,12.07,"S","J"],[128.494,-9.493,-230.248,-0.656,0,-0.754,0,1,0,0.754,0,-0.656,-10.503,18.52,12.07,"S","J"],[128.41,-9.354,-230.151,-0.656,0,-0.754,0,1,0,0.754,0,-0.656,-10.503,16.947,12.07,"S","J"],[128.361,-9.279,-230.095,-0.656,0,-0.754,0,1,0,0.754,0,-0.656,-10.503,16.04,12.07,"S","J"],[128.32,-9.22,-230.048,-0.656,0,-0.754,0,1,0,0.754,0,-0.656,-10.503,15.272,12.07,"S","J"],[128.236,-9.107,-229.951,-0.656,0,-0.754,0,1,0,0.754,0,-0.656,-10.503,13.702,12.07,"S","J"],[128.189,-9.051,-229.898,-0.656,0,-0.754,0,1,0,0.754,0,-0.656,-10.503,12.835,12.07,"S","J"],[128.087,-8.939,-229.78,-0.656,0,-0.754,0,1,0,0.754,0,-0.656,-10.503,10.922,12.07,"S","J"],[128.054,-8.907,-229.743,-0.656,0,-0.754,0,1,0,0.754,0,-0.656,-10.503,10.307,12.07,"S","J"],[128.004,-8.862,-229.685,-0.655,0,-0.755,0,1,0,0.755,0,-0.655,-10.503,9.366,12.07,"S","J"],[127.904,-8.786,-229.57,-0.648,0,-0.761,0,1,0,0.761,0,-0.648,-10.503,7.506,12.07,"S","J"],[127.854,-8.754,-229.513,-0.643,0,-0.766,0,1,0,0.766,0,-0.643,-10.503,6.576,12.07,"S","J"],[127.789,-8.719,-229.437,-0.638,0,-0.77,0,1,0,0.77,0,-0.638,-10.419,5.34,12.142,"S","J"],[127.728,-8.695,-229.364,-0.632,0,-0.775,0,1,0,0.775,0,-0.632,-10.301,4.177,12.242,"S","J"],[127.662,-8.673,-229.286,-0.626,0,-0.779,0,1,0,0.779,0,-0.626,-10.224,2.921,12.307,"S","J"],[127.603,-8.663,-229.212,-0.617,0,-0.787,0,1,0,0.787,0,-0.617,-10.146,1.764,12.371,"S","J"],[127.538,-8.657,-229.133,-0.611,0,-0.791,0,1,0,0.791,0,-0.611,-10.056,0.512,12.444,"S","J"],[127.493,-8.658,-229.076,-0.601,0,-0.799,0,1,0,0.799,0,-0.601,-9.939,-0.38,12.538,"S","J"],[127.423,-8.671,-228.986,-0.591,0,-0.806,0,1,0,0.806,0,-0.591,-9.777,-1.78,12.664,"S","J"],[127.37,-8.684,-228.916,-0.582,0,-0.813,0,1,0,0.813,0,-0.582,-9.66,-2.846,12.754,"S","J"],[127.295,-8.717,-228.815,-0.569,0,-0.823,0,1,0,0.823,0,-0.569,-9.479,-4.393,12.889,"S","J"],[127.247,-8.743,-228.748,-0.555,0,-0.832,0,1,0,0.832,0,-0.555,-9.347,-5.404,12.985,"S","J"],[127.192,-8.783,-228.669,-0.534,0,-0.845,0,1,0,0.845,0,-0.534,-9.184,-6.594,13.101,"S","J"],[127.13,-8.834,-228.579,-0.503,0,-0.864,0,1,0,0.864,0,-0.503,-8.939,-7.932,13.268,"S","J"],[127.081,-8.887,-228.5,-0.472,0,-0.881,0,1,0,0.881,0,-0.472,-8.646,-9.071,13.458,"S","J"],[127.029,-8.948,-228.416,-0.444,0,-0.896,0,1,0,0.896,0,-0.444,-8.259,-10.277,13.698,"S","J"],[126.973,-9.033,-228.314,-0.404,0,-0.915,0,1,0,0.915,0,-0.404,-7.665,-11.706,14.036,"S","J"],[126.93,-9.107,-228.229,-0.376,0,-0.926,0,1,0,0.926,0,-0.376,-7.183,-12.876,14.291,"S","J"],[126.902,-9.163,-228.17,-0.341,0,-0.94,0,1,0,0.94,0,-0.341,-6.739,-13.679,14.502,"S","J"],[126.881,-9.211,-228.12,-0.315,0,-0.949,0,1,0,0.949,0,-0.315,-6.419,-14.334,14.647,"S","J"],[126.829,-9.346,-227.991,-0.27,0,-0.963,0,1,0,0.963,0,-0.27,-5.734,-16.043,14.93,"S","J"],[126.795,-9.465,-227.887,-0.231,0,-0.973,0,1,0,0.973,0,-0.231,-5.051,-17.382,15.172,"S","J"],[126.772,-9.554,-227.813,-0.208,0,-0.978,0,1,0,0.978,0,-0.208,-4.633,-18.343,15.309,"S","J"],[126.746,-9.673,-227.717,-0.172,0,-0.985,0,1,0,0.985,0,-0.172,-4.173,-19.551,15.442,"S","J"],[126.725,-9.79,-227.629,-0.143,0,-0.99,0,1,0,0.99,0,-0.143,-3.609,-20.676,15.581,"S","J"],[126.712,-9.889,-227.557,-0.115,0,-0.993,0,1,0,0.993,0,-0.115,-3.027,-21.571,15.7,"S","J"],[126.694,-10.043,-227.449,-0.091,0,-0.996,0,1,0,0.996,0,-0.091,-2.502,-22.916,15.798,"S","J"],[126.683,-10.173,-227.363,-0.067,0,-0.998,0,1,0,0.998,0,-0.067,-2.052,-23.98,15.864,"S","J"],[126.67,-10.39,-227.225,-0.035,0,-0.999,0,1,0,0.999,0,-0.035,-1.455,-25.671,15.931,"S","J"],[126.666,-10.484,-227.168,-0.019,0,-1,0,1,0,1,0,-0.019,-1.238,-26.366,15.949,"S","J"],[126.66,-10.682,-227.054,0.001,0,-1,0,1,0,1,0,0.001,-0.775,-27.777,15.979,"S","J"],[126.657,-10.803,-226.986,0.008,0,-1,0,1,0,1,0,0.008,-0.515,-28.615,15.99,"S","J"],[126.656,-11.093,-226.831,0.017,0,-1,0,1,0,1,0,0.017,-0.013,-30.511,15.999,"S","J"],[126.657,-11.185,-226.784,0.021,0,-1,0,1,0,1,0,0.021,0.065,-31.087,15.999,"S","J"],[126.658,-11.469,-226.643,0.022,0,-1,0,1,0,1,0,0.022,0.226,-32.815,15.998,"S","J"],[126.66,-11.605,-226.579,0.022,0,-1,0,1,0,1,0,0.022,0.303,-33.604,15.997,"S","J"],[126.662,-11.877,-226.454,0.022,0,-1,0,1,0,1,0,0.022,0.346,-35.137,15.996,"S","J"],[126.664,-12.044,-226.38,0.022,0,-1,0,1,0,1,0,0.022,0.354,-36.047,15.996,"S","J"],[126.666,-12.294,-226.273,0.022,0,-1,0,1,0,1,0,0.022,0.356,-37.36,15.996,"S","J"],[126.669,-12.597,-226.146,0.018,0,-1,0,1,0,1,0,0.018,0.356,-38.91,15.996,"S","J"],[126.67,-12.76,-226.081,0.008,0,-1,0,1,0,1,0,0.008,0.356,-39.713,15.996,"S","J"],[126.671,-12.921,-226.018,-0.002,0,-1,0,1,0,1,0,-0.002,0.333,-40.491,15.996,"S","J"],[126.673,-13.365,-225.848,-0.05,0,-0.999,0,1,0,0.999,0,-0.05,0.152,-42.568,15.999,"S","J"],[126.674,-13.644,-225.745,-0.093,0,-0.996,0,1,0,0.996,0,-0.093,-0.069,-43.827,15.998,"S","J"],[126.672,-13.808,-225.687,-0.131,0,-0.991,0,1,0,0.991,0,-0.131,-0.434,-44.546,15.987,"S","J"],[126.667,-14.036,-225.607,-0.192,0,-0.981,0,1,0,0.981,0,-0.192,-1.05,-45.529,15.954,"S","J"],[126.653,-14.379,-225.49,-0.27,0,-0.963,0,1,0,0.963,0,-0.27,-2.074,-46.975,15.83,"S","J"],[126.641,-14.556,-225.432,-0.327,0,-0.945,0,1,0,0.945,0,-0.327,-3.186,-47.703,15.619,7,"J"],[126.603,-15.009,-225.29,-0.344,0,-0.939,0,1,0,0.939,0,-0.344,-4.376,-49.512,15.35,"S","J"],[126.576,-15.28,-225.209,-0.372,0,-0.928,0,1,0,0.928,0,-0.372,-4.95,-50.565,15.19,"S","J"],[126.535,-15.685,-225.09,-0.412,0,-0.911,0,1,0,0.911,0,-0.412,-5.443,-52.106,15.033,"S","J"],[126.504,-15.961,-225.013,-0.441,0,-0.898,0,1,0,0.898,0,-0.441,-5.816,-53.121,14.882,"S","J"],[126.458,-16.289,-224.904,-0.47,0,-0.883,0,1,0,0.883,0,-0.47,-6.404,-36.16,14.611,"S","J"],[126.434,-16.342,-224.854,-0.491,0,-0.871,0,1,0,0.871,0,-0.491,-6.76,-17.004,14.407,"S","J"],[126.397,-16.346,-224.781,-0.519,0,-0.855,0,1,0,0.855,0,-0.519,-7.156,-2.393,14.128,"S","J"],[126.35,-16.275,-224.692,-0.546,0,-0.838,0,1,0,0.838,0,-0.546,-7.458,16.329,13.885,8,"J"],[126.294,-15.883,-224.588,-0.57,0,-0.822,0,1,0,0.822,0,-0.57,-7.458,52.186,13.885,3,"J"],[126.249,-15.577,-224.506,-0.592,0,-0.806,0,1,0,0.806,0,-0.592,-7.692,51.017,13.788,5,"J"],[126.212,-15.354,-224.446,-0.616,0,-0.788,0,1,0,0.788,0,-0.616,-8.273,50.143,13.526,"S","J"],[126.148,-15.01,-224.354,-0.633,0,-0.774,0,1,0,0.774,0,-0.633,-9.09,48.763,13.075,"S","J"],[126.07,-14.624,-224.251,-0.644,0,-0.765,0,1,0,0.765,0,-0.644,-9.727,47.173,12.678,"S","J"],[126.013,-14.361,-224.18,-0.65,0,-0.76,0,1,0,0.76,0,-0.65,-10.012,46.059,12.473,"S","J"],[125.969,-14.167,-224.126,-0.655,0,-0.756,0,1,0,0.756,0,-0.655,-10.16,45.214,12.356,"S","J"],[125.888,-13.818,-224.03,-0.66,0,-0.751,0,1,0,0.751,0,-0.66,-10.359,43.663,12.193,"S","J"],[125.859,-13.696,-223.995,-0.66,0,-0.751,0,1,0,0.751,0,-0.66,-10.411,43.107,12.149,"S","J"],[125.788,-13.416,-223.915,-0.66,0,-0.751,0,1,0,0.751,0,-0.66,-10.52,41.795,12.054,"S","J"],[125.718,-13.146,-223.836,-0.66,0,-0.751,0,1,0,0.751,0,-0.66,-10.556,40.501,12.024,"S","J"],[125.669,-12.963,-223.78,-0.66,0,-0.751,0,1,0,0.751,0,-0.66,-10.56,39.589,12.02,"S","J"],[125.597,-12.698,-223.698,-0.66,0,-0.751,0,1,0,0.751,0,-0.66,-10.562,38.246,12.018,"S","J"],[125.537,-12.487,-223.628,-0.66,0,-0.751,0,1,0,0.751,0,-0.66,-10.563,37.127,12.018,"S","J"],[125.458,-12.219,-223.539,-0.66,0,-0.751,0,1,0,0.751,0,-0.66,-10.563,35.667,12.018,"S","J"],[125.406,-12.047,-223.479,-0.66,0,-0.751,0,1,0,0.751,0,-0.66,-10.563,34.695,12.018,"S","J"],[125.334,-11.816,-223.398,-0.66,0,-0.751,0,1,0,0.751,0,-0.66,-10.564,33.356,12.017,"S","J"],[125.277,-11.644,-223.334,-0.674,0,-0.739,0,1,0,0.739,0,-0.674,-10.617,32.317,11.97,"S","J"],[125.226,-11.495,-223.277,-0.677,0,-0.736,0,1,0,0.736,0,-0.677,-10.707,31.381,11.889,"S","J"],[125.141,-11.254,-223.184,-0.678,0,-0.735,0,1,0,0.735,0,-0.678,-10.786,29.821,11.818,"S","J"],[125.08,-11.092,-223.117,-0.68,0,-0.733,0,1,0,0.733,0,-0.68,-10.813,28.711,11.794,"S","J"],[124.989,-10.862,-223.018,-0.689,0,-0.725,0,1,0,0.725,0,-0.689,-10.844,27.071,11.765,"S","J"],[124.914,-10.683,-222.937,-0.705,0,-0.709,0,1,0,0.709,0,-0.705,-10.935,25.725,11.679,"S","J"],[124.855,-10.55,-222.876,-0.712,0,-0.702,0,1,0,0.702,0,-0.712,-11.11,24.677,11.512,"S","J"],[124.782,-10.396,-222.802,-0.719,0,-0.695,0,1,0,0.695,0,-0.719,-11.272,23.391,11.353,"S","J"],[124.727,-10.286,-222.747,-0.725,0,-0.688,0,1,0,0.688,0,-0.725,-11.363,22.44,11.263,"S","J"],[124.675,-10.189,-222.697,-0.73,0,-0.683,0,1,0,0.683,0,-0.73,-11.44,21.554,11.186,"S","J"],[124.608,-10.072,-222.633,-0.735,0,-0.678,0,1,0,0.678,0,-0.735,-11.56,20.425,11.061,"S","J"],[124.532,-9.945,-222.561,-0.741,0,-0.671,0,1,0,0.671,0,-0.741,-11.656,19.145,10.961,"S","J"],[124.435,-9.795,-222.471,-0.748,0,-0.664,0,1,0,0.664,0,-0.748,-11.734,17.518,10.877,"S","J"],[124.356,-9.686,-222.399,-0.754,0,-0.656,0,1,0,0.656,0,-0.754,-11.845,16.205,10.756,"S","J"],[124.273,-9.581,-222.325,-0.76,0,-0.649,0,1,0,0.649,0,-0.76,-11.934,14.843,10.657,"S","J"],[124.217,-9.515,-222.275,-0.765,0,-0.644,0,1,0,0.644,0,-0.765,-11.992,13.933,10.591,"S","J"],[124.136,-9.428,-222.205,-0.775,0,-0.632,0,1,0,0.632,0,-0.775,-12.125,12.604,10.439,"S","J"],[124.087,-9.383,-222.164,-0.78,0,-0.626,0,1,0,0.626,0,-0.78,-12.217,11.831,10.331,"S","J"],[123.985,-9.294,-222.079,-0.788,0,-0.616,0,1,0,0.616,0,-0.788,-12.362,10.205,10.157,"S","J"],[123.897,-9.231,-222.009,-0.797,0,-0.604,0,1,0,0.604,0,-0.797,-12.476,8.824,10.017,"S","J"],[123.829,-9.186,-221.954,-0.803,0,-0.596,0,1,0,0.596,0,-0.803,-12.568,7.748,9.901,"S","J"],[123.762,-9.152,-221.904,-0.809,0,-0.587,0,1,0,0.587,0,-0.809,-12.676,6.721,9.762,"S","J"],[123.676,-9.112,-221.839,-0.817,0,-0.576,0,1,0,0.576,0,-0.817,-12.802,5.397,9.597,"S","J"],[123.615,-9.091,-221.794,-0.824,0,-0.567,0,1,0,0.567,0,-0.824,-12.904,4.473,9.459,"S","J"],[123.54,-9.073,-221.741,-0.83,0,-0.558,0,1,0,0.558,0,-0.83,-13.034,3.356,9.278,"S","J"],[123.442,-9.055,-221.673,-0.837,0,-0.547,0,1,0,0.547,0,-0.837,-13.161,1.88,9.098,"S","J"],[123.375,-9.051,-221.628,-0.842,0,-0.54,0,1,0,0.54,0,-0.842,-13.243,0.896,8.977,"S","J"],[123.288,-9.051,-221.57,-0.847,0,-0.531,0,1,0,0.531,0,-0.847,-13.35,-0.393,8.818,"S","J"],[123.212,-9.059,-221.521,-0.853,0,-0.521,0,1,0,0.521,0,-0.853,-13.433,-1.507,8.69,"S","J"],[123.116,-9.077,-221.46,-0.857,0,-0.515,0,1,0,0.515,0,-0.857,-13.535,-2.901,8.531,"S","J"],[123.062,-9.092,-221.426,-0.861,0,-0.509,0,1,0,0.509,0,-0.861,-13.606,-3.678,8.418,"S","J"],[122.981,-9.12,-221.377,-0.864,0,-0.504,0,1,0,0.504,0,-0.864,-13.687,-4.84,8.285,"S","J"],[122.897,-9.155,-221.328,-0.867,0,-0.498,0,1,0,0.498,0,-0.867,-13.755,-6.029,8.173,"S","J"],[122.779,-9.217,-221.258,-0.871,0,-0.491,0,1,0,0.491,0,-0.871,-13.802,-7.712,8.093,"S","J"],[122.722,-9.253,-221.225,-0.874,0,-0.486,0,1,0,0.486,0,-0.874,-13.855,-8.527,8.002,"S","J"],[122.642,-9.308,-221.18,-0.876,0,-0.483,0,1,0,0.483,0,-0.876,-13.915,-9.64,7.896,"S","J"],[122.541,-9.384,-221.123,-0.877,0,-0.48,0,1,0,0.48,0,-0.877,-13.972,-11.061,7.795,"S","J"],[122.495,-9.423,-221.098,-0.878,0,-0.478,0,1,0,0.478,0,-0.878,-13.99,-11.706,7.763,"S","J"],[122.381,-9.528,-221.036,-0.878,0,-0.478,0,1,0,0.478,0,-0.878,-14.023,-13.3,7.704,"S","J"],[122.3,-9.612,-220.991,-0.878,0,-0.478,0,1,0,0.478,0,-0.878,-14.042,-14.44,7.669,"S","J"],[122.191,-9.732,-220.932,-0.878,0,-0.478,0,1,0,0.478,0,-0.878,-14.05,-15.958,7.654,"S","J"],[122.125,-9.812,-220.896,-0.878,0,-0.478,0,1,0,0.478,0,-0.878,-14.051,-16.883,7.653,"S","J"],[122.032,-9.93,-220.845,-0.878,0,-0.478,0,1,0,0.478,0,-0.878,-14.052,-18.181,7.652,"S","J"],[121.971,-10.012,-220.811,-0.878,0,-0.478,0,1,0,0.478,0,-0.878,-14.052,-19.031,7.652,"S","J"],[121.862,-10.17,-220.751,-0.878,0,-0.478,0,1,0,0.478,0,-0.878,-14.052,-20.565,7.652,"S","J"],[121.789,-10.281,-220.713,-0.878,0,-0.478,0,1,0,0.478,0,-0.878,-14.052,-21.574,7.652,"S","J"],[121.69,-10.441,-220.658,-0.878,0,-0.478,0,1,0,0.478,0,-0.878,-14.052,-22.963,7.652,"S","J"],[121.619,-10.56,-220.62,-0.878,0,-0.478,0,1,0,0.478,0,-0.878,-14.052,-23.936,7.652,"S","J"],[121.524,-10.731,-220.568,-0.878,0,-0.478,0,1,0,0.478,0,-0.878,-14.052,-25.271,7.652,"S","J"],[121.445,-10.877,-220.525,-0.878,0,-0.478,0,1,0,0.478,0,-0.878,-14.052,-26.374,7.652,"S","J"],[121.397,-10.97,-220.499,-0.878,0,-0.478,0,1,0,0.478,0,-0.878,-14.052,-27.049,7.652,"S","J"],[121.284,-11.197,-220.438,-0.878,0,-0.478,0,1,0,0.478,0,-0.878,-14.052,-28.623,7.652,"S","J"],[121.209,-11.356,-220.397,-0.878,0,-0.478,0,1,0,0.478,0,-0.878,-14.052,-29.678,7.652,"S","J"],[121.096,-11.603,-220.335,-0.878,0,-0.478,0,1,0,0.478,0,-0.878,-14.052,-31.25,7.652,"S","J"],[121.035,-11.743,-220.302,-0.878,0,-0.478,0,1,0,0.478,0,-0.878,-14.052,-32.102,7.652,"S","J"],[120.922,-12.012,-220.24,-0.877,0,-0.481,0,1,0,0.481,0,-0.877,-14.052,-33.688,7.652,"S","J"],[120.851,-12.184,-220.202,-0.871,0,-0.491,0,1,0,0.491,0,-0.871,-14.048,-34.667,7.659,"S","J"],[120.771,-12.389,-220.158,-0.863,0,-0.505,0,1,0,0.505,0,-0.863,-14.02,-35.789,7.709,"S","J"],[120.688,-12.606,-220.112,-0.859,0,-0.512,0,1,0,0.512,0,-0.859,-13.982,-36.951,7.777,"S","J"],[120.557,-12.967,-220.037,-0.844,0,-0.536,0,1,0,0.536,0,-0.844,-13.843,-38.796,8.021,"S","J"],[120.525,-13.059,-220.018,-0.835,0,-0.55,0,1,0,0.55,0,-0.835,-13.799,-39.259,8.097,"S","J"],[120.445,-13.295,-219.969,-0.822,0,-0.57,0,1,0,0.57,0,-0.822,-13.619,-40.406,8.393,"S","J"],[120.332,-13.648,-219.894,-0.8,0,-0.6,0,1,0,0.6,0,-0.8,-13.334,-42.071,8.84,"S","J"],[120.266,-13.866,-219.848,-0.776,0,-0.63,0,1,0,0.63,0,-0.776,-13.174,-43.061,9.075,"S","J"],[120.189,-14.127,-219.793,-0.752,0,-0.659,0,1,0,0.659,0,-0.752,-12.962,-44.228,9.377,"S","J"],[120.134,-14.32,-219.752,-0.724,0,-0.69,0,1,0,0.69,0,-0.724,-12.714,-45.067,9.707,"S","J"],[120.04,-14.7,-219.673,-0.689,0,-0.725,0,1,0,0.725,0,-0.689,-11.198,-46.678,9.593,7,"J"],[119.986,-14.936,-219.622,-0.659,0,-0.753,0,1,0,0.753,0,-0.659,-10.935,-47.655,10.173,"S","J"],[119.921,-15.233,-219.555,-0.608,0,-0.794,0,1,0,0.794,0,-0.608,-10.724,-48.846,11.091,"S","J"],[119.848,-15.545,-219.473,-0.567,0,-0.824,0,1,0,0.824,0,-0.567,-10.5,-42.206,11.883,"S","J"],[119.804,-15.61,-219.419,-0.53,0,-0.848,0,1,0,0.848,0,-0.53,-10.065,-16.358,12.352,"S","J"],[119.728,-15.645,-219.313,-0.485,0,-0.875,0,1,0,0.875,0,-0.485,-9.241,-2.228,13.041,"S","J"],[119.68,-15.649,-219.239,-0.439,0,-0.899,0,1,0,0.899,0,-0.439,-8.642,-0.743,13.445,"S","J"],[119.629,-15.652,-219.152,-0.413,0,-0.911,0,1,0,0.911,0,-0.413,-8.019,-0.524,13.836,"S","J"],[119.601,-15.665,-219.101,-0.393,0,-0.92,0,1,0,0.92,0,-0.393,-7.531,-3.681,14.105,8,"J"],[119.53,-15.167,-218.964,-0.374,0,-0.927,0,1,0,0.927,0,-0.374,-7.356,51.949,14.19,"S","J"],[119.511,-15.025,-218.924,-0.368,0,-0.93,0,1,0,0.93,0,-0.368,-6.999,51.407,14.359,5,"J"],[119.45,-14.543,-218.783,-0.365,0,-0.931,0,1,0,0.931,0,-0.365,-6.061,49.516,14.796,"S","J"],[119.436,-14.427,-218.748,-0.365,0,-0.931,0,1,0,0.931,0,-0.365,-5.989,49.051,14.83,"S","J"],[119.385,-14.013,-218.618,-0.365,0,-0.931,0,1,0,0.931,0,-0.365,-5.867,47.349,14.885,"S","J"],[119.36,-13.809,-218.554,-0.365,0,-0.931,0,1,0,0.931,0,-0.365,-5.851,46.493,14.892,"S","J"],[119.327,-13.558,-218.471,-0.365,0,-0.931,0,1,0,0.931,0,-0.365,-5.847,45.408,14.893,"S","J"],[119.279,-13.198,-218.35,-0.365,0,-0.931,0,1,0,0.931,0,-0.365,-5.844,43.81,14.894,"S","J"],[119.262,-13.07,-218.305,-0.365,0,-0.931,0,1,0,0.931,0,-0.365,-5.844,43.229,14.894,"S","J"],[119.209,-12.693,-218.172,-0.365,0,-0.931,0,1,0,0.931,0,-0.365,-5.844,41.468,14.894,"S","J"],[119.177,-12.467,-218.088,-0.365,0,-0.931,0,1,0,0.931,0,-0.365,-5.844,40.365,14.894,"S","J"],[119.142,-12.232,-218,-0.365,0,-0.931,0,1,0,0.931,0,-0.365,-5.844,39.202,14.894,"S","J"],[119.117,-12.065,-217.935,-0.365,0,-0.931,0,1,0,0.931,0,-0.365,-5.844,38.347,14.894,"S","J"],[119.074,-11.792,-217.825,-0.365,0,-0.931,0,1,0,0.931,0,-0.365,-5.844,36.899,14.894,"S","J"],[119.038,-11.568,-217.733,-0.365,0,-0.931,0,1,0,0.931,0,-0.365,-5.844,35.684,14.894,"S","J"],[119.005,-11.375,-217.65,-0.365,0,-0.931,0,1,0,0.931,0,-0.365,-5.844,34.586,14.894,"S","J"],[118.975,-11.199,-217.572,-0.365,0,-0.931,0,1,0,0.931,0,-0.365,-5.844,33.563,14.894,"S","J"],[118.936,-10.984,-217.473,-0.365,0,-0.931,0,1,0,0.931,0,-0.365,-5.844,32.261,14.894,"S","J"],[118.895,-10.768,-217.371,-0.365,0,-0.931,0,1,0,0.931,0,-0.365,-5.844,30.909,14.894,"S","J"],[118.848,-10.528,-217.25,-0.364,0,-0.932,0,1,0,0.932,0,-0.364,-5.844,29.318,14.894,"S","J"],[118.812,-10.355,-217.159,-0.36,0,-0.933,0,1,0,0.933,0,-0.36,-5.844,28.129,14.894,"S","J"],[118.788,-10.244,-217.098,-0.355,0,-0.935,0,1,0,0.935,0,-0.355,-5.832,27.329,14.899,"S","J"],[118.762,-10.122,-217.029,-0.351,0,-0.937,0,1,0,0.937,0,-0.351,-5.788,26.42,14.916,"S","J"],[118.72,-9.936,-216.92,-0.342,0,-0.94,0,1,0,0.94,0,-0.342,-5.703,24.978,14.949,"S","J"],[118.682,-9.775,-216.818,-0.335,0,-0.942,0,1,0,0.942,0,-0.335,-5.607,23.649,14.985,"S","J"],[118.649,-9.635,-216.726,-0.328,0,-0.945,0,1,0,0.945,0,-0.328,-5.498,22.451,15.025,"S","J"],[118.632,-9.572,-216.683,-0.322,0,-0.947,0,1,0,0.947,0,-0.322,-5.446,21.877,15.045,"S","J"],[118.579,-9.367,-216.532,-0.31,0,-0.951,0,1,0,0.951,0,-0.31,-5.277,19.92,15.105,"S","J"],[118.551,-9.264,-216.448,-0.305,0,-0.952,0,1,0,0.952,0,-0.305,-5.148,18.838,15.148,"S","J"],[118.518,-9.146,-216.349,-0.297,0,-0.955,0,1,0,0.955,0,-0.297,-5.008,17.549,15.195,"S","J"],[118.494,-9.067,-216.275,-0.289,0,-0.957,0,1,0,0.957,0,-0.289,-4.924,16.602,15.223,"S","J"],[118.461,-8.959,-216.17,-0.284,0,-0.959,0,1,0,0.959,0,-0.284,-4.812,15.257,15.259,"S","J"],[118.436,-8.883,-216.087,-0.272,0,-0.962,0,1,0,0.962,0,-0.272,-4.679,14.196,15.3,"S","J"],[118.398,-8.774,-215.958,-0.233,0,-0.973,0,1,0,0.973,0,-0.233,-4.421,12.551,15.376,"S","J"],[118.384,-8.734,-215.907,-0.224,0,-0.975,0,1,0,0.975,0,-0.224,-4.21,11.898,15.434,"S","J"],[118.362,-8.672,-215.817,-0.21,0,-0.978,0,1,0,0.978,0,-0.21,-3.888,10.766,15.517,"S","J"],[118.339,-8.609,-215.72,-0.196,0,-0.981,0,1,0,0.981,0,-0.196,-3.665,9.527,15.574,"S","J"],[118.32,-8.562,-215.631,-0.179,0,-0.984,0,1,0,0.984,0,-0.179,-3.456,8.42,15.621,"S","J"],[118.295,-8.506,-215.511,-0.163,0,-0.987,0,1,0,0.987,0,-0.163,-3.165,6.921,15.683,"S","J"],[118.281,-8.477,-215.435,-0.152,0,-0.988,0,1,0,0.988,0,-0.152,-2.957,5.959,15.723,"S","J"],[118.251,-8.428,-215.26,-0.134,0,-0.991,0,1,0,0.991,0,-0.134,-2.537,3.784,15.796,"S","J"],[118.234,-8.409,-215.145,-0.13,0,-0.992,0,1,0,0.992,0,-0.13,-2.33,2.366,15.829,"S","J"],[118.22,-8.399,-215.044,-0.127,0,-0.992,0,1,0,0.992,0,-0.127,-2.197,1.114,15.848,"S","J"],[118.204,-8.401,-214.925,-0.123,0,-0.992,0,1,0,0.992,0,-0.123,-2.098,-0.36,15.862,"S","J"],[118.041,-9.146,-213.6,-0.122,0,-0.993,0,1,0,0.993,0,-0.122,-1.948,-16.725,15.881,"S","J"],[118.028,-9.266,-213.494,-0.12,0,-0.993,0,1,0,0.993,0,-0.12,-1.948,-18.033,15.881,"S","J"],[118.017,-9.374,-213.403,-0.117,0,-0.993,0,1,0,0.993,0,-0.117,-1.948,-19.161,15.881,"S","J"],[118.007,-9.479,-213.32,-0.113,0,-0.994,0,1,0,0.994,0,-0.113,-1.936,-20.183,15.882,"S","J"],[117.993,-9.632,-213.206,-0.104,0,-0.995,0,1,0,0.995,0,-0.104,-1.894,-21.597,15.887,"S","J"],[117.985,-9.724,-213.14,-0.097,0,-0.995,0,1,0,0.995,0,-0.097,-1.839,-22.406,15.894,"S","J"],[117.977,-9.844,-213.059,-0.086,0,-0.996,0,1,0,0.996,0,-0.086,-1.721,-23.405,15.907,"S","J"],[117.964,-10.04,-212.932,-0.074,0,-0.997,0,1,0,0.997,0,-0.074,-1.579,-24.972,15.922,"S","J"],[117.954,-10.22,-212.821,-0.063,0,-0.998,0,1,0,0.998,0,-0.063,-1.447,-26.334,15.935,"S","J"],[117.949,-10.335,-212.754,-0.053,0,-0.999,0,1,0,0.999,0,-0.053,-1.3,-27.163,15.947,"S","J"],[117.94,-10.535,-212.641,-0.042,0,-0.999,0,1,0,0.999,0,-0.042,-1.084,-28.551,15.963,"S","J"],[117.936,-10.689,-212.557,-0.037,0,-0.999,0,1,0,0.999,0,-0.037,-0.926,-29.583,15.973,"S","J"],[117.931,-10.854,-212.471,-0.026,0,-1,0,1,0,1,0,-0.026,-0.731,-30.636,15.983,"S","J"],[117.927,-11.083,-212.355,-0.021,0,-1,0,1,0,1,0,-0.021,-0.611,-32.055,15.988,"S","J"],[117.924,-11.274,-212.264,-0.014,0,-1,0,1,0,1,0,-0.014,-0.458,-33.185,15.993,"S","J"],[117.922,-11.475,-212.17,-0.008,0,-1,0,1,0,1,0,-0.008,-0.355,-34.33,15.996,"S","J"],[117.921,-11.693,-212.071,-0.003,0,-1,0,1,0,1,0,-0.003,-0.272,-35.552,15.997,"S","J"],[117.92,-11.913,-211.975,-0.001,0,-1,0,1,0,1,0,-0.001,-0.172,-36.725,15.999,"S","J"],[117.919,-12.145,-211.876,-0.001,0,-1,0,1,0,1,0,-0.001,-0.081,-37.939,16,"S","J"],[117.919,-12.315,-211.806,-0.001,0,-1,0,1,0,1,0,-0.001,-0.043,-38.795,16,"S","J"],[117.919,-12.694,-211.655,-0.001,0,-1,0,1,0,1,0,-0.001,-0.021,-40.647,16,"S","J"],[117.919,-12.911,-211.572,-0.001,0,-1,0,1,0,1,0,-0.001,-0.02,-41.666,16,"S","J"],[117.918,-13.177,-211.471,-0.002,0,-1,0,1,0,1,0,-0.002,-0.019,-42.898,16,"S","J"],[117.918,-13.482,-211.361,-0.014,0,-1,0,1,0,1,0,-0.014,-0.018,-44.252,16,"S","J"],[117.918,-13.736,-211.271,-0.035,0,-0.999,0,1,0,0.999,0,-0.035,-0.029,-45.362,16,"S","J"],[117.918,-13.931,-211.203,-0.076,0,-0.997,0,1,0,0.997,0,-0.076,-0.119,-46.185,15.999,"S","J"],[117.915,-14.095,-211.115,-0.13,0,-0.991,0,1,0,0.991,0,-0.13,-0.458,-33.384,15.983,7,"J"],[117.907,-14.