[[158.443,-16.737,-233.944,-1,0,0.017,0,1,0,-0.017,0,-1,-15.998,0.039,-0.276,8,0],[158.368,-16.737,-233.946,-1,0,0.017,0,1,0,-0.017,0,-1,-15.998,0.033,-0.276,"S","J"],[158.225,-16.737,-233.948,-1,0,0.017,0,1,0,-0.017,0,-1,-15.998,0.024,-0.276,"S","J"],[158.168,-16.737,-233.949,-1,0,0.017,0,1,0,-0.017,0,-1,-15.998,0.021,-0.276,"S","J"],[158.067,-16.736,-233.95,-1,0,0.017,0,1,0,-0.017,0,-1,-15.998,0.017,-0.276,"S","J"],[157.969,-16.736,-233.952,-1,0,0.017,0,1,0,-0.017,0,-1,-15.998,0.013,-0.276,"S","J"],[157.825,-16.736,-233.955,-1,0,0.017,0,1,0,-0.017,0,-1,-15.998,0.01,-0.276,"S","J"],[157.78,-16.736,-233.956,-1,0,0.017,0,1,0,-0.017,0,-1,-15.998,0.009,-0.276,"S","J"],[157.629,-16.736,-233.958,-1,0,0.017,0,1,0,-0.017,0,-1,-15.998,0.006,-0.276,"S","J"],[157.572,-16.736,-233.959,-1,0,0.017,0,1,0,-0.017,0,-1,-15.998,0.005,-0.276,"S","J"],[157.43,-16.736,-233.962,-1,0,0.017,0,1,0,-0.017,0,-1,-15.998,0.004,-0.276,"S","J"],[157.381,-16.736,-233.963,-1,0,0.017,0,1,0,-0.017,0,-1,-15.998,0.003,-0.276,"S","J"],[157.259,-16.736,-233.965,-1,0,0.017,0,1,0,-0.017,0,-1,-15.998,0.002,-0.276,"S","J"],[157.181,-16.736,-233.966,-1,0,0.017,0,1,0,-0.017,0,-1,-15.998,0.002,-0.276,"S","J"],[157.104,-16.736,-233.967,-1,0,0.017,0,1,0,-0.017,0,-1,"v","S","J"],[156.982,-16.736,-233.969,-1,0,0.017,0,1,0,-0.017,0,-1,-15.998,0.001,-0.276,"S","J"],[156.866,-16.736,-233.971,-1,0,0.017,0,1,0,-0.017,0,-1,-15.998,0.001,-0.276,"S","J"],[156.784,-16.736,-233.973,-1,0,0.017,0,1,0,-0.017,0,-1,"v","S","J"],[156.718,-16.736,-233.974,-1,0,0.017,0,1,0,-0.017,0,-1,"v","S","J"],[156.594,-16.736,-233.976,-1,0,0.017,0,1,0,-0.017,0,-1,"v","S","J"],[156.516,-16.736,-233.978,-1,0,0.017,0,1,0,-0.017,0,-1,-15.998,0,-0.276,"S","J"],[156.424,-16.736,-233.979,-1,0,0.017,0,1,0,-0.017,0,-1,-15.998,0,-0.276,"S","J"],[156.317,-16.736,-233.981,-1,0,0.017,0,1,0,-0.017,0,-1,"v","S","J"],[156.247,-16.736,-233.982,-1,0,0.017,0,1,0,-0.017,0,-1,"v","S","J"],[156.146,-16.736,-233.984,-1,0,0.017,0,1,0,-0.017,0,-1,"v","S","J"],[156.041,-16.736,-233.986,-1,0,0.017,0,1,0,-0.017,0,-1,"v","S","J"],[155.899,-16.736,-233.988,-1,0,0.017,0,1,0,-0.017,0,-1,"v","S","J"],[155.84,-16.736,-233.989,-1,0,0.017,0,1,0,-0.017,0,-1,"v","S","J"],[155.773,-16.736,-233.99,-1,0,0.017,0,1,0,-0.017,0,-1,"v","S","J"],[155.622,-16.736,-233.993,-1,0,0.017,0,1,0,-0.017,0,-1,"v","S","J"],[155.566,-16.736,-233.994,-1,0,0.017,0,1,0,-0.017,0,-1,"v","S","J"],[155.454,-16.736,-233.996,-1,0,0.017,0,1,0,-0.017,0,-1,"v","S","J"],[155.365,-16.736,-233.997,-1,0,0.017,0,1,0,-0.017,0,-1,"v","S","J"],[155.233,-16.736,-233.999,-1,0,0.017,0,1,0,-0.017,0,-1,"v","S","J"],[155.154,-16.736,-234.001,-1,0,0.017,0,1,0,-0.017,0,-1,"v","S","J"],[155.078,-16.736,-234.002,-1,0,0.017,0,1,0,-0.017,0,-1,"v","S","J"],[155.001,-16.736,-234.003,-1,0,0.017,0,1,0,-0.017,0,-1,"v","S","J"],[154.828,-16.741,-234.006,-1,0,0.017,0,1,0,-0.017,0,-1,-15.998,-0.304,-0.276,"S","J"],[154.772,-16.741,-234.007,-1,0,0.017,0,1,0,-0.017,0,-1,-15.998,-0.147,-0.276,"S","J"],[154.674,-16.741,-234.009,-1,0,0.017,0,1,0,-0.017,0,-1,-15.998,-0.037,-0.276,"S","J"],[154.542,-16.743,-234.011,-1,0,0.017,0,1,0,-0.017,0,-1,-15.998,-0.244,-0.276,"S","J"],[154.437,-16.751,-234.013,-1,0,0.017,0,1,0,-0.017,0,-1,-15.998,-1.522,-0.276,"S","J"],[154.369,-16.754,-234.014,-1,0,0.017,0,1,0,-0.017,0,-1,-15.998,-0.737,-0.276,"S","J"],[154.239,-16.756,-234.017,-1,0,0.017,0,1,0,-0.017,0,-1,-15.998,-0.136,-0.276,"S","J"],[154.186,-16.756,-234.018,-1,0,0.017,0,1,0,-0.017,0,-1,-15.998,-0.054,-0.276,"S","J"],[154.117,-16.756,-234.019,-1,0,0.017,0,1,0,-0.017,0,-1,-15.998,-0.019,-0.276,"S","J"],[153.999,-16.439,-234.02,-1,0,0.017,0,1,0,-0.017,0,-1,-15.998,38.009,-0.276,"S","J"],[153.907,-16.139,-234.022,-1,0,0.015,0,1,0,-0.015,0,-1,-15.998,52.342,-0.276,3,"J"],[153.783,-15.741,-234.025,-1,0,0.003,0,1,0,-0.003,0,-1,-15.998,50.812,-0.276,"S","J"],[153.719,-15.542,-234.026,-1,0,-0.007,0,1,0,0.007,0,-1,-15.998,50.033,-0.255,5,"J"],[153.561,-15.06,-234.026,-1,0,-0.019,0,1,0,0.019,0,-1,-16,48.091,-0.046,"S","J"],[153.493,-14.862,-234.026,-0.999,0,-0.035,0,1,0,0.035,0,-0.999,-15.999,47.267,0.105,"S","J"],[153.382,-14.542,-234.024,-0.999,0,-0.046,0,1,0,0.046,0,-0.999,-15.997,45.904,0.245,"S","J"],[153.293,-14.29,-234.022,-0.998,0,-0.064,0,1,0,0.064,0,-0.998,-15.993,44.814,0.454,"S","J"],[153.161,-13.929,-234.016,-0.996,0,-0.084,0,1,0,0.084,0,-0.996,-15.983,43.184,0.726,"S","J"],[153.094,-13.751,-234.012,-0.996,0,-0.09,0,1,0,0.09,0,-0.996,-15.973,42.362,0.918,"S","J"],[152.994,-13.494,-234.004,-0.994,0,-0.105,0,1,0,0.105,0,-0.994,-15.954,41.135,1.194,"S","J"],[152.893,-13.239,-233.996,-0.992,0,-0.126,0,1,0,0.126,0,-0.992,-15.938,39.897,1.393,"S","J"],[152.824,-13.068,-233.989,-0.99,0,-0.142,0,1,0,0.142,0,-0.99,-15.915,39.037,1.633,"S","J"],[152.694,-12.758,-233.974,-0.988,0,-0.156,0,1,0,0.156,0,-0.988,-15.877,37.425,1.973,"S","J"],[152.604,-12.554,-233.961,-0.985,0,-0.171,0,1,0,0.171,0,-0.985,-15.845,36.325,2.215,"S","J"],[152.509,-12.341,-233.947,-0.984,0,-0.18,0,1,0,0.18,0,-0.984,-15.815,35.144,2.417,"S","J"],[152.447,-12.205,-233.936,-0.982,0,-0.189,0,1,0,0.189,0,-0.982,-15.792,34.37,2.563,"S","J"],[152.339,-11.978,-233.917,-0.98,0,-0.198,0,1,0,0.198,0,-0.98,-15.746,33.025,2.834,"S","J"],[152.251,-11.799,-233.9,-0.979,0,-0.202,0,1,0,0.202,0,-0.979,-15.718,31.936,2.986,"S","J"],[152.118,-11.54,-233.874,-0.977,0,-0.212,0,1,0,0.212,0,-0.977,-15.692,30.275,3.122,"S","J"],[152.048,-11.406,-233.86,-0.976,0,-0.218,0,1,0,0.218,0,-0.976,-15.676,29.389,3.201,"S","J"],[151.983,-11.287,-233.846,-0.974,0,-0.228,0,1,0,0.228,0,-0.974,-15.651,28.572,3.32,"S","J"],[151.864,-11.079,-233.819,-0.97,0,-0.243,0,1,0,0.243,0,-0.97,-15.62,27.074,3.465,"S","J"],[151.787,-10.949,-233.802,-0.966,0,-0.259,0,1,0,0.259,0,-0.966,-15.593,26.106,3.587,"S","J"],[151.666,-10.756,-233.772,-0.958,0,-0.288,0,1,0,0.288,0,-0.958,-15.532,24.584,3.84,"S","J"],[151.594,-10.645,-233.753,-0.949,0,-0.317,0,1,0,0.317,0,-0.949,-15.482,23.669,4.036,"S","J"],[151.516,-10.532,-233.731,-0.944,0,-0.33,0,1,0,0.33,0,-0.944,-15.395,22.679,4.347,"S","J"],[151.413,-10.384,-233.699,-0.932,0,-0.363,0,1,0,0.363,0,-0.932,-15.252,21.354,4.824,"S","J"],[151.282,-10.21,-233.654,-0.916,0,-0.402,0,1,0,0.402,0,-0.916,-15.093,19.652,5.304,"S","J"],[151.236,-10.151,-233.636,-0.906,0,-0.423,0,1,0,0.423,0,-0.906,-15.001,19.041,5.553,"S","J"],[151.134,-10.029,-233.594,-0.885,0,-0.466,0,1,0,0.466,0,-0.885,-14.777,17.691,6.115,"S","J"],[151.037,-9.917,-233.551,-0.866,0,-0.499,0,1,0,0.499,0,-0.866,-14.532,16.394,6.684,"S","J"],[150.949,-9.823,-233.506,-0.846,0,-0.532,0,1,0,0.532,0,-0.846,-14.234,15.18,7.282,"S","J"],[150.85,-9.722,-233.451,-0.815,0,-0.58,0,1,0,0.58,0,-0.815,-13.923,13.79,7.873,"S","J"],[150.77,-9.648,-233.401,-0.803,0,-0.596,0,1,0,0.596,0,-0.803,-13.606,12.637,8.399,"S","J"],[150.682,-9.57,-233.343,-0.781,0,-0.624,0,1,0,0.624,0,-0.781,-13.2,11.341,9.03,"S","J"],[150.628,-9.527,-233.303,-0.758,0,-0.652,0,1,0,0.652,0,-0.758,-12.94,10.52,9.4,"S","J"],[150.55,-9.469,-233.243,-0.737,0,-0.676,0,1,0,0.676,0,-0.737,-12.655,9.31,9.779,"S","J"],[150.473,-9.416,-233.18,-0.719,0,-0.695,0,1,0,0.695,0,-0.719,-12.297,8.086,10.229,"S","J"],[150.387,-9.366,-233.101,-0.694,0,-0.72,0,1,0,0.72,0,-0.694,-11.835,6.658,10.758,"S","J"],[150.335,-9.34,-233.053,-0.676,0,-0.737,0,1,0,0.737,0,-0.676,-11.627,5.791,10.987,"S","J"],[150.265,-9.312,-232.982,-0.659,0,-0.753,0,1,0,0.753,0,-0.659,-11.294,4.569,11.326,"S","J"],[150.195,-9.288,-232.907,-0.637,0,-0.771,0,1,0,0.771,0,-0.637,-10.927,3.307,11.683,"S","J"],[150.116,-9.272,-232.819,-0.618,0,-0.787,0,1,0,0.787,0,-0.618,-10.568,1.85,12.009,"S","J"],[150.059,-9.266,-232.752,-0.592,0,-0.806,0,1,0,0.806,0,-0.592,-10.292,0.773,12.247,"S","J"],[150.006,-9.267,-232.686,-0.567,0,-0.824,0,1,0,0.824,0,-0.567,-9.949,-0.255,12.526,"S","J"],[149.94,-9.277,-232.597,-0.551,0,-0.835,0,1,0,0.835,0,-0.551,-9.556,-1.625,12.829,"S","J"],[149.897,-9.288,-232.537,-0.534,0,-0.845,0,1,0,0.845,0,-0.534,-9.273,-2.52,13.035,"S","J"],[149.836,-9.313,-232.445,-0.506,0,-0.862,0,1,0,0.862,0,-0.506,-8.94,-3.879,13.266,"S","J"],[149.794,-9.335,-232.382,-0.481,0,-0.877,0,1,0,0.877,0,-0.481,-8.711,-4.805,13.419,"S","J"],[149.728,-9.384,-232.272,-0.453,0,-0.892,0,1,0,0.892,0,-0.453,-8.186,-6.382,13.742,"S","J"],[149.684,-9.425,-232.194,-0.419,0,-0.908,0,1,0,0.908,0,-0.419,-7.773,-7.482,13.981,"S","J"],[149.659,-9.453,-232.145,-0.396,0,-0.918,0,1,0,0.918,0,-0.396,-7.459,-8.163,14.149,"S","J"],[149.606,-9.524,-232.035,-0.364,0,-0.931,0,1,0,0.931,0,-0.364,-6.9,-9.646,14.43,"S","J"],[149.543,-9.63,-231.893,-0.328,0,-0.945,0,1,0,0.945,0,-0.328,-6.343,-11.555,14.687,"S","J"],[149.522,-9.674,-231.841,-0.302,0,-0.953,0,1,0,0.953,0,-0.302,-6.026,-12.247,14.817,"S","J"],[149.498,-9.729,-231.779,-0.268,0,-0.963,0,1,0,0.963,0,-0.268,-5.591,-13.064,14.985,"S","J"],[149.454,-9.856,-231.644,-0.231,0,-0.973,0,1,0,0.973,0,-0.231,-4.865,-14.807,15.239,"S","J"],[149.438,-9.912,-231.588,-0.197,0,-0.98,0,1,0,0.98,0,-0.197,-4.514,-15.514,15.345,"S","J"],[149.411,-10.027,-231.482,-0.146,0,-0.989,0,1,0,0.989,0,-0.146,-3.961,-16.865,15.495,"S","J"],[149.388,-10.15,-231.373,-0.092,0,-0.996,0,1,0,0.996,0,-0.092,-3.237,-18.218,15.661,"S","J"],[149.379,-10.205,-231.328,-0.058,0,-0.998,0,1,0,0.998,0,-0.058,-2.83,-18.784,15.732,"S","J"],[149.362,-10.377,-231.192,0.002,0,-1,0,1,0,1,0,0.002,-1.841,-20.466,15.883,"S","J"],[149.356,-10.469,-231.124,0.055,0,-0.999,0,1,0,0.999,0,0.055,-1.264,-21.322,15.71,"S","J"],[149.354,-10.551,-231.067,0.075,0,-0.997,0,1,0,0.997,0,0.075,-0.774,-22.04,15.529,"S","J"],[149.355,-10.746,-230.939,0.096,0,-0.995,0,1,0,0.995,0,0.096,0.345,-23.685,15.1,"S","J"],[149.36,-10.881,-230.858,0.113,0,-0.994,0,1,0,0.994,0,0.113,1.074,-24.76,14.81,"S","J"],[149.373,-11.066,-230.754,0.135,0,-0.991,0,1,0,0.991,0,0.135,2.021,-26.167,14.419,"S","J"],[149.384,-11.186,-230.69,0.158,0,-0.987,0,1,0,0.987,0,0.158,2.609,-27.042,14.171,"S","J"],[149.401,-11.33,-230.619,0.175,0,-0.985,0,1,0,0.985,0,0.175,3.279,-28.047,13.873,"S","J"],[149.43,-11.539,-230.522,0.199,0,-0.98,0,1,0,0.98,0,0.199,4.208,-29.454,13.441,"S","J"],[149.463,-11.745,-230.434,0.222,0,-0.975,0,1,0,0.975,0,0.222,5.076,-30.777,13.018,"S","J"],[149.5,-11.949,-230.352,0.247,0,-0.969,0,1,0,0.969,0,0.247,5.894,-32.037,12.602,"S","J"],[149.538,-12.139,-230.282,0.276,0,-0.961,0,1,0,0.961,0,0.276,6.616,-33.162,12.214,"S","J"],[149.592,-12.398,-230.193,0.301,0,-0.954,0,1,0,0.954,0,0.301,7.554,-34.643,11.681,"S","J"],[149.632,-12.571,-230.138,0.329,0,-0.944,0,1,0,0.944,0,0.329,8.146,-35.596,11.316,"S","J"],[149.695,-12.832,-230.06,0.362,0,-0.932,0,1,0,0.932,0,0.362,9.005,-37,10.762,"S","J"],[149.76,-13.088,-229.992,0.384,0,-0.923,0,1,0,0.923,0,0.384,9.778,-38.309,10.203,"S","J"],[149.826,-13.341,-229.928,0.417,0,-0.909,0,1,0,0.909,0,0.417,10.511,-39.579,9.636,"S","J"],[149.871,-13.505,-229.891,0.445,0,-0.896,0,1,0,0.896,0,0.445,10.96,-40.375,9.27,"S","J"],[149.924,-13.694,-229.85,0.466,0,-0.885,0,1,0,0.885,0,0.466,11.437,-41.275,8.822,"S","J"],[149.968,-13.853,-229.818,0.468,0,-0.884,0,1,0,0.884,0,0.468,11.577,-42.02,8.521,"S","J"],[150.009,-14.025,-229.783,0.467,0.001,-0.884,0,1,0.001,0.884,-0.001,0.467,10.507,-42.657,8.696,"S","J"],[150.055,-14.301,-229.721,0.467,0.009,-0.884,0,1,0.01,0.884,-0.005,0.467,5.615,-42.73,10.223,"S","J"],[150.091,-14.485,-229.64,0.467,0.014,-0.884,0,1,0.016,0.884,-0.008,0.467,3.865,-19.796,9.83,12,"J"],[149.931,-14.377,-229.49,0.467,0.016,-0.884,0,1,0.018,0.884,-0.008,0.467,-38.266,31.013,31.896,"S","J"],[149.621,-14.13,-229.229,0.467,0.013,-0.884,0,1,0.015,0.884,-0.007,0.467,-37.384,29.394,31.464,5,"J"],[149.488,-14.028,-229.117,0.467,0.011,-0.884,0.001,1,0.013,0.884,-0.007,0.467,-36.947,28.693,31.251,"S","J"],[149.221,-13.825,-228.889,0.467,0.007,-0.884,0.001,1,0.009,0.884,-0.005,0.467,-35.994,27.24,30.783,"S","J"],[149.016,-13.672,-228.712,0.467,0.004,-0.884,0.001,1,0.005,0.884,-0.003,0.467,-35.229,26.103,30.408,"S","J"],[148.811,-13.524,-228.533,0.467,0.003,-0.884,0.001,1,0.003,0.884,-0.002,0.467,-34.433,24.932,30.016,"S","J"],[148.638,-13.4,-228.382,0.467,0.001,-0.884,0.001,1,0.002,0.884,-0.002,0.467,-33.754,23.933,29.683,"S","J"],[148.422,-13.251,-228.191,0.467,0,-0.884,0.001,1,0,0.884,-0.001,0.467,-32.892,22.651,29.255,"S","J"],[148.213,-13.11,-228.003,0.467,0,-0.884,0.001,1,0,0.884,-0.001,0.467,-32.041,21.377,28.833,"S","J"],[147.971,-12.955,-227.782,0.467,0,-0.884,0,1,0,0.884,0,0.467,-31.038,19.858,28.334,"S","J"],[147.798,-12.846,-227.623,0.467,0,-0.884,0,1,0,0.884,0,0.467,-30.304,18.743,27.969,"S","J"],[147.699,-12.787,-227.53,0.467,0,-0.884,0,1,0,0.884,0,0.467,-29.875,18.088,27.755,"S","J"],[147.464,-12.65,-227.31,0.467,0,-0.884,0,1,0,0.884,0,0.467,-28.84,16.505,27.24,"S","J"],[147.335,-12.579,-227.187,0.467,0,-0.884,0,1,0,0.884,0,0.467,-28.257,15.611,26.949,"S","J"],[147.123,-12.468,-226.982,0.467,0,-0.884,0,1,0,0.884,0,0.467,-27.268,14.095,26.458,"S","J"],[146.995,-12.404,-226.856,0.467,0,-0.884,0,1,0,0.884,0,0.467,-26.654,13.155,26.154,"S","J"],[146.788,-12.309,-226.65,0.467,0,-0.884,0,1,0,0.884,0,0.467,-25.632,11.588,25.647,"S","J"],[146.656,-12.252,-226.517,0.467,0,-0.884,0,1,0,0.884,0,0.467,-24.958,10.555,25.313,"S","J"],[146.528,-12.202,-226.385,0.467,0,-0.884,0,1,0,0.884,0,0.467,-24.281,9.518,24.978,"S","J"],[146.38,-12.148,-226.231,0.467,0,-0.884,0,1,0,0.884,0,0.467,-23.479,8.29,24.58,"S","J"],[146.232,-12.102,-226.074,0.467,0,-0.884,0,1,0,0.884,0,0.467,-22.651,7.022,24.171,"S","J"],[146.101,-12.066,-225.932,0.467,0,-0.884,0,1,0,0.884,0,0.467,-21.886,5.852,23.792,"S","J"],[145.969,-12.036,-225.783,0.276,0,-0.961,0,1,0,0.961,0,0.276,-21.034,4.612,23.496,"S","J"],[145.847,-12.015,-225.644,0.121,0,-0.993,0,1,0,0.993,0,0.121,-20.221,3.441,23.233,"S","J"],[145.702,-11.996,-225.474,0.004,0,-1,0,1,0,1,0,0.004,-19.211,1.985,22.909,"S","J"],[145.601,-11.99,-225.351,-0.208,0,-0.978,0,1,0,0.978,0,-0.208,-18.479,0.922,22.658,"S","J"],[145.481,-11.993,-225.199,-0.361,0,-0.933,0,1,0,0.933,0,-0.361,-17.563,-0.415,22.323,"S","J"],[145.394,-12,-225.085,-0.453,0,-0.892,0,1,0,0.892,0,-0.453,-16.888,-1.428,22.025,"S","J"],[145.252,-12.022,-224.895,-0.633,0,-0.774,0,1,0,0.774,0,-0.633,-15.807,-3.149,21.398,"S","J"],[145.155,-12.051,-224.758,-0.652,0,-0.758,0,1,0,0.758,0,-0.652,-14.939,-4.42,21.088,"S","J"],[145.022,-12.105,-224.56,-0.653,0,-0.758,0,1,0,0.758,0,-0.653,-13.647,-6.279,20.677,"S","J"],[144.962,-12.137,-224.467,-0.653,0,-0.758,0,1,0,0.758,0,-0.653,-13.024,-7.177,20.479,"S","J"],[144.885,-12.188,-224.347,-0.653,0,-0.758,0,1,0,0.758,0,-0.653,-12.678,-8.366,19.746,"S","J"],[144.789,-12.259,-224.202,-0.653,0,-0.758,0,1,0,0.758,0,-0.653,-12.372,-9.862,18.701,"S","J"],[144.756,-12.289,-224.151,-0.653,0,-0.758,0,1,0,0.758,0,-0.653,-12.26,-10.405,18.321,"S","J"],[144.653,-12.389,-224.002,-0.653,0,-0.758,0,1,0,0.758,0,-0.653,-11.914,-12.089,17.143,"S","J"],[144.61,-12.435,-223.941,-0.653,0,-0.758,0,1,0,0.758,0,-0.653,-11.768,-12.802,16.645,"S","J"],[144.508,-12.56,-223.803,-0.653,0,-0.758,0,1,0,0.758,0,-0.653,-11.413,-14.534,15.433,"S","J"],[144.465,-12.619,-223.744,-0.653,0,-0.758,0,1,0,0.758,0,-0.653,-11.255,-15.3,14.898,"S","J"],[144.382,-12.744,-223.639,-0.653,0,-0.758,0,1,0,0.758,0,-0.653,-10.952,-16.778,13.863,"S","J"],[144.311,-12.862,-223.552,-0.653,0,-0.758,0,1,0,0.758,0,-0.653,-10.69,-18.074,12.969,"S","J"],[144.247,-12.976,-223.476,-0.653,0,-0.758,0,1,0,0.758,0,-0.653,-10.506,-19.26,12.344,"S","J"],[144.204,-13.059,-223.426,-0.653,0,-0.758,0,1,0,0.758,0,-0.653,-10.466,-20.069,12.207,"S","J"],[144.139,-13.192,-223.35,-0.653,0,-0.758,0,1,0,0.758,0,-0.653,-10.449,-21.292,12.15,"S","J"],[144.077,-13.322,-223.279,-0.653,0,-0.758,0,1,0,0.758,0,-0.653,-10.443,-22.446,12.128,"S","J"],[144.019,-13.454,-223.211,-0.653,0,-0.758,0,1,0,0.758,0,-0.653,-10.442,-23.541,12.125,"S","J"],[143.947,-13.621,-223.128,-0.653,0,-0.758,0,1,0,0.758,0,-0.653,-10.441,-24.884,12.124,"S","J"],[143.868,-13.82,-223.036,-0.653,0,-0.758,0,1,0,0.758,0,-0.653,-10.441,-26.376,12.124,"S","J"],[143.803,-13.989,-222.961,-0.653,0,-0.758,0,1,0,0.758,0,-0.653,-10.441,-27.599,12.124,"S","J"],[143.737,-14.171,-222.884,-0.653,0,-0.758,0,1,0,0.758,0,-0.653,-10.441,-28.837,12.124,"S","J"],[143.667,-14.371,-222.802,-0.653,0,-0.758,0,1,0,0.758,0,-0.653,-10.441,-30.154,12.124,"S","J"],[143.63,-14.48,-222.759,-0.653,0,-0.758,0,1,0,0.758,0,-0.653,-10.441,-30.845,12.124,"S","J"],[143.551,-14.723,-222.667,-0.653,0,-0.758,0,1,0,0.758,0,-0.653,-10.441,-32.333,12.124,"S","J"],[143.492,-14.912,-222.599,-0.653,0,-0.758,0,1,0,0.758,0,-0.653,-10.441,-33.449,12.124,"S","J"],[143.431,-15.114,-222.528,-0.653,0,-0.758,0,1,0,0.758,0,-0.653,-10.441,-34.597,12.124,"S","J"],[143.342,-15.417,-222.425,-0.653,0,-0.758,0,1,0,0.758,0,-0.653,-10.441,-36.261,12.124,"S","J"],[143.244,-15.771,-222.311,-0.653,0,-0.758,0,1,0,0.758,0,-0.653,-10.441,-38.111,12.124,7,"J"],[143.193,-15.883,-222.252,-0.654,0,-0.756,0,1,0,0.756,0,-0.654,-10.361,-19.949,12.03,"S","J"],[143.159,-15.91,-222.212,-0.655,0,-0.756,0,1,0,0.756,0,-0.655,-10.315,-9.346,11.977,"S","J"],[143.07,-15.93,-222.109,-0.655,0,-0.756,0,1,0,0.756,0,-0.655,-10.309,-1.628,11.915,"S","J"],[143.01,-15.933,-222.039,-0.655,0,-0.756,0,1,0,0.756,0,-0.655,-10.179,-0.278,11.744,"S","J"],[142.949,-15.934,-221.969,-0.656,0,-0.755,0,1,0,0.755,0,-0.656,-10.144,-0.102,11.674,"S","J"],[142.882,-15.934,-221.893,-0.656,0,-0.754,0,1,0,0.754,0,-0.656,-10.143,-0.014,11.659,"S","J"],[142.838,-15.934,-221.842,-0.656,0,-0.754,0,1,0,0.754,0,-0.656,-10.28,-0.006,11.814,"S","J"],[142.778,-15.934,-221.774,-0.656,0,-0.754,0,1,0,0.754,0,-0.656,-10.33,-0.002,11.872,8,"J"],[142.711,-15.95,-221.696,-0.656,0,-0.754,0,1,0,0.754,0,-0.656,-10.386,-3.819,11.936,7,"J"],[142.657,-15.983,-221.634,-0.656,0,-0.754,0,1,0,0.754,0,-0.656,-10.39,-5.772,11.941,"S","J"],[142.592,-16.027,-221.56,-0.656,0,-0.754,0,1,0,0.754,0,-0.656,-10.393,-7.525,11.943,"S","J"],[142.508,-16.1,-221.462,-0.659,0,-0.752,0,1,0,0.752,0,-0.659,-10.331,-9.131,11.872,"S","J"],[142.453,-16.145,-221.4,-0.661,0,-0.75,0,1,0,0.75,0,-0.661,-10.237,-8.555,11.764,"S","J"],[142.39,-15.817,-221.327,-0.661,0,-0.75,0,1,0,0.75,0,-0.661,-10.237,52.79,11.764,3,"J"],[142.322,-15.472,-221.249,-0.661,0,-0.75,0,1,0,0.75,0,-0.661,-10.257,52.107,11.778,"S","J"],[142.279,-15.261,-221.2,-0.66,0,-0.751,0,1,0,0.751,0,-0.66,-10.461,51.3,11.915,5,"J"],[142.242,-15.081,-221.157,-0.619,0,-0.785,0,1,0,0.785,0,-0.619,-10.552,50.601,11.943,"S","J"],[142.16,-14.688,-221.061,-0.592,0,-0.806,0,1,0,0.806,0,-0.592,-10.359,49.039,12.177,"S","J"],[142.105,-14.427,-220.993,-0.569,0,-0.822,0,1,0,0.822,0,-0.569,-10.003,47.974,12.48,"S","J"],[142.037,-14.093,-220.902,-0.541,0,-0.841,0,1,0,0.841,0,-0.541,-9.563,46.576,12.823,"S","J"],[141.988,-13.857,-220.835,-0.499,0,-0.866,0,1,0,0.866,0,-0.499,-9.247,45.562,13.053,"S","J"],[141.959,-13.707,-220.791,-0.467,0,-0.884,0,1,0,0.884,0,-0.467,-8.916,44.91,13.278,"S","J"],[141.891,-13.349,-220.679,-0.425,0,-0.905,0,1,0,0.905,0,-0.425,-8.213,43.3,13.724,"S","J"],[141.848,-13.112,-220.599,-0.369,0,-0.93,0,1,0,0.93,0,-0.369,-7.603,42.195,14.067,"S","J"],[141.809,-12.883,-220.519,-0.336,0,-0.942,0,1,0,0.942,0,-0.336,-7.078,41.105,14.338,"S","J"],[141.754,-12.54,-220.394,-0.267,0,-0.964,0,1,0,0.964,0,-0.267,-6.272,39.418,14.711,"S","J"],[141.721,-12.326,-220.311,-0.198,0,-0.98,0,1,0,0.98,0,-0.198,-5.597,38.333,14.978,"S","J"],[141.698,-12.149,-220.241,-0.185,0,-0.983,0,1,0,0.983,0,-0.185,-4.998,37.403,14.695,"S","J"],[141.683,-12.035,-220.196,-0.096,0,-0.995,0,1,0,0.995,0,-0.096,-4.556,36.794,14.651,"S","J"],[141.662,-11.835,-220.114,-0.016,0,-1,0,1,0,1,0,-0.016,-3.761,35.688,14.524,"S","J"],[141.642,-11.602,-220.017,0.083,0,-0.997,0,1,0,0.997,0,0.083,-2.818,34.369,14.337,"S","J"],[141.629,-11.415,-219.938,0.185,0,-0.983,0,1,0,0.983,0,0.185,-2.047,33.281,14.153,"S","J"],[141.623,-11.249,-219.867,0.305,0,-0.953,0,1,0,0.953,0,0.305,-1.359,32.28,13.913,"S","J"],[141.619,-11.102,-219.804,0.385,0,-0.923,0,1,0,0.923,0,0.385,-0.742,31.361,13.65,"S","J"],[141.618,-10.989,-219.754,0.454,0,-0.891,0,1,0,0.891,0,0.454,-0.266,30.635,13.42,"S","J"],[141.62,-10.848,-219.692,0.509,0,-0.861,0,1,0,0.861,0,0.509,0.334,29.694,13.088,"S","J"],[141.625,-10.676,-219.615,0.544,0,-0.839,0,1,0,0.839,0,0.544,1.066,28.529,12.658,"S","J"],[141.633,-10.539,-219.555,0.592,0,-0.806,0,1,0,0.806,0,0.592,1.664,27.554,12.272,"S","J"],[141.643,-10.425,-219.504,0.611,0,-0.792,0,1,0,0.792,0,0.611,2.162,26.722,11.925,"S","J"],[141.659,-10.282,-219.44,0.613,0,-0.79,0,1,0,0.79,0,0.613,2.814,25.618,11.455,"S","J"],[141.684,-10.099,-219.358,0.615,0,-0.789,0,1,0,0.789,0,0.615,3.677,24.157,10.831,"S","J"],[141.733,-9.862,-219.251,0.633,0,-0.774,0,1,0,0.774,0,0.633,4.888,22.101,9.948,"S","J"],[141.765,-9.734,-219.193,0.647,0,-0.763,0,1,0,0.763,0,0.647,5.579,20.918,9.431,"S","J"],[141.81,-9.589,-219.128,0.66,0,-0.751,0,1,0,0.751,0,0.66,6.395,19.498,8.794,"S","J"],[141.856,-9.438,-219.054,0.661,0,-0.751,0,1,0,0.751,0,0.661,5.229,17.866,8.902,"S","J"],[141.828,-9.363,-218.949,0.661,0,-0.751,0,1,0,0.751,0,0.661,-8.979,17.801,20.623,12,"J"],[141.718,-9.192,-218.793,0.661,0,-0.751,0,1,0,0.751,0,0.661,-22.894,35.624,32.676,3,"J"],[141.562,-8.952,-218.571,0.661,0,-0.751,0,1,0,0.751,0,0.661,-22.457,34.267,31.79,5,"J"],[141.443,-8.772,-218.403,0.661,0,-0.751,0,1,0,0.751,0,0.661,-22.115,33.206,31.096,"S","J"],[141.281,-8.532,-218.177,0.661,0,-0.751,0,1,0,0.751,0,0.661,-21.645,31.744,30.14,"S","J"],[141.23,-8.459,-218.106,0.661,0,-0.751,0,1,0,0.751,0,0.661,-21.495,31.281,29.837,"S","J"],[141.041,-8.19,-217.846,0.661,0,-0.751,0,1,0,0.751,0,0.661,-20.928,29.521,28.686,"S","J"],[140.97,-8.091,-217.748,0.661,0,-0.751,0,1,0,0.751,0,0.661,-20.71,28.844,28.243,"S","J"],[140.787,-7.843,-217.502,0.661,0,-0.751,0,1,0,0.751,0,0.661,-20.143,27.079,27.09,"S","J"],[140.699,-7.727,-217.385,0.661,0,-0.751,0,1,0,0.751,0,0.661,-19.862,26.211,26.522,"S","J"],[140.561,-7.549,-217.202,0.661,0,-0.751,0,1,0,0.751,0,0.661,-19.415,24.82,25.612,"S","J"],[140.433,-7.391,-217.036,0.661,0,-0.751,0,1,0,0.751,0,0.661,-18.993,23.508,24.755,"S","J"],[140.345,-7.285,-216.923,0.661,0,-0.751,0,1,0,0.751,0,0.661,-18.696,22.588,24.153,"S","J"],[140.244,-7.165,-216.792,0.661,0,-0.751,0,1,0,0.751,0,0.661,-18.349,21.512,23.449,"S","J"],[140.172,-7.081,-216.7,0.661,0,-0.751,0,1,0,0.751,0,0.661,-18.095,20.72,22.932,"S","J"],[140.031,-6.926,-216.523,0.661,0,-0.751,0,1,0,0.751,0,0.661,-17.589,19.15,21.906,"S","J"],[139.953,-6.844,-216.428,0.661,0,-0.751,0,1,0,0.751,0,0.661,-17.308,18.278,21.335,"S","J"],[139.827,-6.717,-216.275,0.661,0,-0.751,0,1,0,0.751,0,0.661,-16.838,16.817,20.379,"S","J"],[139.699,-6.596,-216.123,0.661,0,-0.751,0,1,0,0.751,0,0.661,-16.347,15.294,19.384,"S","J"],[139.603,-6.51,-216.011,0.661,0,-0.751,0,1,0,0.751,0,0.661,-15.971,14.124,18.619,"S","J"],[139.518,-6.437,-215.913,0.661,0,-0.751,0,1,0,0.751,0,0.661,-15.625,13.051,17.917,"S","J"],[139.471,-6.4,-215.86,0.661,0,-0.751,0,1,0,0.751,0,0.661,-15.436,12.466,17.535,"S","J"],[139.362,-6.317,-215.73,0.464,0,-0.886,0,1,0,0.886,0,0.464,-14.388,10.99,17.313,"S","J"],[139.274,-6.251,-215.619,0.398,0,-0.917,0,1,0,0.917,0,0.398,-13.481,9.725,17.149,"S","J"],[139.228,-6.22,-215.56,0.364,0,-0.931,0,1,0,0.931,0,0.364,-12.985,9.037,17.076,"S","J"],[139.131,-6.157,-215.424,0.225,0,-0.974,0,1,0,0.974,0,0.225,-11.856,7.474,16.933,"S","J"],[139.068,-6.12,-215.327,0.073,0,-0.997,0,1,0,0.997,0,0.073,-11.034,6.341,16.845,"S","J"],[139.01,-6.09,-215.235,-0.021,0,-1,0,1,0,1,0,-0.021,-10.254,5.266,16.776,"S","J"],[138.937,-6.059,-215.101,-0.227,0,-0.974,0,1,0,0.974,0,-0.227,-9.112,3.695,16.688,"S","J"],[138.874,-6.039,-214.978,-0.389,0,-0.921,0,1,0,0.921,0,-0.389,-8.055,2.236,16.579,"S","J"],[138.837,-6.033,-214.896,-0.503,0,-0.864,0,1,0,0.864,0,-0.503,-7.385,1.249,16.342,"S","J"],[138.79,-6.031,-214.787,-0.616,0,-0.787,0,1,0,0.787,0,-0.616,-6.761,-0.077,15.81,"S","J"],[138.756,-6.035,-214.713,-0.725,0,-0.689,0,1,0,0.689,0,-0.725,-7.111,-1.04,15.22,"S","J"],[138.717,-6.045,-214.638,-0.761,0,-0.648,0,1,0,0.648,0,-0.761,-7.634,-2.041,14.711,"S","J"],[138.684,-6.056,-214.58,-0.761,0,-0.648,0,1,0,0.648,0,-0.761,-8.052,-2.835,14.312,"S","J"],[138.633,-6.08,-214.499,-0.761,0,-0.648,0,1,0,0.648,0,-0.761,-8.662,-3.992,13.73,"S","J"],[138.577,-6.109,-214.418,-0.761,0,-0.648,0,1,0,0.648,0,-0.761,-9.296,-5.194,13.125,"S","J"],[138.491,-6.166,-214.31,-0.761,0,-0.648,0,1,0,0.648,0,-0.761,-10.185,-6.88,12.277,"S","J"],[138.446,-6.198,-214.26,-0.761,0,-0.648,0,1,0,0.648,0,-0.761,-10.622,-7.709,11.86,"S","J"],[138.35,-6.275,-214.165,-0.761,0,-0.648,0,1,0,0.648,0,-0.761,-11.506,-9.384,11.018,"S","J"],[138.303,-6.315,-214.122,-0.761,0,-0.648,0,1,0,0.648,0,-0.761,-11.861,-10.168,10.679,"S","J"],[138.202,-6.41,-214.034,-0.761,0,-0.648,0,1,0,0.648,0,-0.761,-12.124,-11.807,10.428,"S","J"],[138.151,-6.462,-213.991,-0.761,0,-0.648,0,1,0,0.648,0,-0.761,-12.166,-12.625,10.389,"S","J"],[138.066,-6.56,-213.918,-0.761,0,-0.648,0,1,0,0.648,0,-0.761,-12.178,-13.996,10.377,"S","J"],[138.004,-6.634,-213.865,-0.761,0,-0.648,0,1,0,0.648,0,-0.761,-12.182,-14.995,10.373,"S","J"],[137.919,-6.749,-213.793,-0.761,0,-0.648,0,1,0,0.648,0,-0.761,-12.182,-16.375,10.373,"S","J"],[137.851,-6.844,-213.735,-0.761,0,-0.648,0,1,0,0.648,0,-0.761,-12.182,-17.469,10.373,"S","J"],[137.791,-6.934,-213.684,-0.761,0,-0.648,0,1,0,0.648,0,-0.761,-12.182,-18.425,10.372,"S","J"],[137.723,-7.044,-213.626,-0.761,0,-0.648,0,1,0,0.648,0,-0.761,-12.182,-19.528,10.372,"S","J"],[137.65,-7.166,-213.564,-0.761,0,-0.648,0,1,0,0.648,0,-0.761,-12.182,-20.705,10.372,"S","J"],[137.562,-7.324,-213.489,-0.761,0,-0.648,0,1,0,0.648,0,-0.761,-12.182,-22.112,10.372,"S","J"],[137.49,-7.46,-213.428,-0.761,0,-0.648,0,1,0,0.648,0,-0.761,-12.182,-23.278,10.372,"S","J"],[137.425,-7.591,-213.372,-0.761,0,-0.648,0,1,0,0.648,0,-0.761,-12.182,-24.33,10.372,"S","J"],[137.344,-7.756,-213.304,-0.761,0,-0.648,0,1,0,0.648,0,-0.761,-12.182,-25.618,10.372,"S","J"],[137.288,-7.879,-213.256,-0.761,0,-0.648,0,1,0,0.648,0,-0.761,-12.182,-26.521,10.372,"S","J"],[137.208,-8.06,-213.188,-0.761,0,-0.648,0,1,0,0.648,0,-0.761,-12.182,-27.818,10.372,"S","J"],[137.115,-8.28,-213.109,-0.761,0,-0.648,0,1,0,0.648,0,-0.761,-12.182,-29.3,10.372,"S","J"],[137.053,-8.435,-213.056,-0.761,0,-0.648,0,1,0,0.648,0,-0.761,-12.182,-30.313,10.372,"S","J"],[136.983,-8.617,-212.996,-0.761,0,-0.648,0,1,0,0.648,0,-0.761,-12.182,-31.448,10.372,"S","J"],[136.885,-8.875,-212.913,-0.761,0,-0.648,0,1,0,0.648,0,-0.761,-12.182,-33.007,10.372,"S","J"],[136.849,-8.977,-212.882,-0.761,0,-0.648,0,1,0,0.648,0,-0.761,-12.182,-33.6,10.372,"S","J"],[136.753,-9.252,-212.801,-0.761,0,-0.648,0,1,0,0.648,0,-0.761,-12.182,-35.142,10.372,"S","J"],[136.661,-9.525,-212.723,-0.761,0,-0.648,0,1,0,0.648,0,-0.761,-12.182,-36.618,10.372,"S","J"],[136.6,-9.71,-212.671,-0.761,0,-0.648,0,1,0,0.648,0,-0.761,-12.182,-37.595,10.372,"S","J"],[136.557,-9.849,-212.633,-0.761,0,-0.648,0,1,0,0.648,0,-0.761,-12.182,-38.307,10.372,"S","J"],[136.476,-10.111,-212.565,-0.761,0,-0.648,0,1,0,0.648,0,-0.761,-12.182,-39.602,10.372,"S","J"],[136.403,-10.35,-212.503,-0.761,0,-0.648,0,1,0,0.648,0,-0.761,-12.182,-40.766,10.372,"S","J"],[136.322,-10.632,-212.433,-0.761,0,-0.648,0,1,0,0.648,0,-0.761,-12.182,-42.087,10.372,"S","J"],[136.263,-10.838,-212.384,-0.761,0,-0.648,0,1,0,0.648,0,-0.761,-12.182,-43.026,10.372,"S","J"],[136.164,-11.198,-212.299,-0.761,0,-0.648,0,1,0,0.648,0,-0.761,-12.182,-44.625,10.372,"S","J"],[136.106,-11.417,-212.25,-0.761,0,-0.648,0,1,0,0.648,0,-0.761,-12.182,-45.566,10.372,"S","J"],[136.032,-11.695,-212.188,-0.761,0,-0.648,0,1,0,0.648,0,-0.761,-12.182,-46.741,10.372,"S","J"],[135.926,-12.111,-212.098,-0.761,0,-0.648,0,1,0,0.648,0,-0.761,-12.182,-48.44,10.372,"S","J"],[135.871,-12.335,-212.051,-0.761,0,-0.648,0,1,0,0.648,0,-0.761,-12.182,-49.333,10.372,"S","J"],[135.8,-12.631,-211.99,-0.761,0,-0.648,0,1,0,0.648,0,-0.761,-12.182,-50.486,10.372,"S","J"],[135.727,-12.935,-211.929,-0.761,0,-0.648,0,1,0,0.648,0,-0.761,-12.182,-51.649,10.372,"S","J"],[135.633,-13.345,-211.848,-0.761,0,-0.648,0,1,0,0.648,0,-0.761,-12.182,-53.167,10.372,"S","J"],[135.557,-13.681,-211.784,-0.761,0,-0.648,0,1,0,0.648,0,-0.761,-12.182,-54.387,10.372,"S","J"],[135.497,-13.957,-211.732,-0.76,0,-0.65,0,1,0,0.65,0,-0.76,-12.182,-55.365,10.372,"S","J"],[135.424,-14.295,-211.67,-0.757,0,-0.653,0,1,0,0.653,0,-0.757,-12.182,-56.546,10.372,"S","J"],[135.355,-14.489,-211.61,-0.755,0,-0.656,0,1,0,0.656,0,-0.755,-11.811,-37.213,10.078,7,"J"],[135.272,-14.569,-211.54,-0.754,0,-0.657,0,1,0,0.657,0,-0.754,-10.87,-5.111,9.352,"S","J"],[135.232,-14.577,-211.505,-0.751,0,-0.66,0,1,0,0.66,0,-0.751,-10.456,-2.059,9.046,"S","J"],[135.138,-14.581,-211.423,-0.745,0,-0.667,0,1,0,0.667,0,-0.745,-10.981,-0.354,9.575,"S","J"],[135.074,-14.582,-211.368,-0.742,0,-0.67,0,1,0,0.67,0,-0.742,-11.373,-0.066,10.016,"S","J"],[135.023,-14.582,-211.322,-0.74,0,-0.673,0,1,0,0.673,0,-0.74,-11.111,-0.032,9.87,"S","J"],[134.938,-14.582,-211.245,-0.737,0,-0.676,0,1,0,0.676,0,-0.737,-10.978,-0.005,9.863,"S","J"],[134.852,-14.582,-211.168,-0.734,0,-0.68,0,1,0,0.68,0,-0.734,-11.353,0,10.316,"S","J"],[134.807,-14.592,-211.127,-0.73,0,-0.683,0,1,0,0.683,0,-0.73,-11.49,-2.582,10.518,8,"J"],[134.739,-14.353,-211.064,-0.726,0,-0.688,0,1,0,0.688,0,-0.726,-11.519,27.612,10.568,"S","J"],[134.668,-14.029,-210.999,-0.723,0,-0.691,0,1,0,0.691,0,-0.723,-11.519,52.523,10.568,3,"J"],[134.61,-13.768,-210.945,-0.709,0,-0.705,0,1,0,0.705,0,-0.709,-11.536,51.534,10.815,5,"J"],[134.552,-13.512,-210.889,-0.695,0,-0.719,0,1,0,0.719,0,-0.695,-11.459,50.544,11.091,"S","J"],[134.489,-13.236,-210.826,-0.688,0,-0.726,0,1,0,0.726,0,-0.688,-11.366,49.446,11.228,"S","J"],[134.428,-12.974,-210.765,-0.679,0,-0.734,0,1,0,0.734,0,-0.679,-11.237,48.389,11.382,"S","J"],[134.356,-12.668,-210.69,-0.668,0,-0.744,0,1,0,0.744,0,-0.668,-11.072,47.114,11.547,"S","J"],[134.299,-12.426,-210.629,-0.659,0,-0.752,0,1,0,0.752,0,-0.659,-10.941,46.095,11.673,"S","J"],[134.24,-12.181,-210.565,-0.65,0,-0.76,0,1,0,0.76,0,-0.65,-10.791,45.025,11.811,"S","J"],[134.156,-11.834,-210.47,-0.639,0,-0.769,0,1,0,0.769,0,-0.639,-10.571,43.475,12.01,"S","J"],[134.085,-11.542,-210.386,-0.628,0,-0.779,0,1,0,0.779,0,-0.628,-10.398,42.122,12.159,"S","J"],[134.037,-11.349,-210.329,-0.619,0,-0.786,0,1,0,0.786,0,-0.619,-10.289,41.208,12.252,"S","J"],[133.981,-11.127,-210.261,-0.607,0,-0.795,0,1,0,0.795,0,-0.607,-10.112,40.124,12.399,"S","J"],[133.923,-10.899,-210.187,-0.6,0,-0.8,0,1,0,0.8,0,-0.6,-9.941,38.973,12.536,"S","J"],[133.871,-10.699,-210.122,-0.594,0,-0.804,0,1,0,0.804,0,-0.594,-9.805,37.951,12.643,"S","J"],[133.819,-10.503,-210.054,-0.588,0,-0.809,0,1,0,0.809,0,-0.588,-9.69,36.904,12.731,"S","J"],[133.748,-10.236,-209.958,-0.58,0,-0.814,0,1,0,0.814,0,-0.58,-9.54,35.444,12.844,"S","J"],[133.69,-10.024,-209.878,-0.574,0,-0.819,0,1,0,0.819,0,-0.574,-9.432,34.234,12.923,"S","J"],[133.634,-9.825,-209.801,-0.569,0,-0.822,0,1,0,0.822,0,-0.569,-9.333,33.065,12.995,"S","J"],[133.576,-9.623,-209.718,-0.564,0,-0.826,0,1,0,0.826,0,-0.564,-9.221,31.818,13.075,"S","J"],[133.513,-9.413,-209.629,-0.56,0,-0.829,0,1,0,0.829,0,-0.56,-9.119,30.485,13.147,"S","J"],[133.449,-9.205,-209.536,-0.556,0,-0.831,0,1,0,0.831,0,-0.556,-9.044,29.094,13.198,"S","J"],[133.396,-9.036,-209.456,-0.553,0,-0.833,0,1,0,0.833,0,-0.553,-8.976,27.922,13.245,"S","J"],[133.328,-8.833,-209.355,-0.55,0,-0.835,0,1,0,0.835,0,-0.55,-8.904,26.423,13.293,"S","J"],[133.286,-8.71,-209.291,-0.548,0,-0.837,0,1,0,0.837,0,-0.548,-8.865,25.488,13.32,"S","J"],[133.245,-8.597,-209.23,-0.54,0,-0.842,0,1,0,0.842,0,-0.54,-8.823,24.587,13.348,"S","J"],[133.196,-8.466,-209.155,-0.537,0,-0.844,0,1,0,0.844,0,-0.537,-8.78,23.485,13.376,"S","J"],[133.108,-8.242,-209.02,-0.527,0,-0.85,0,1,0,0.85,0,-0.527,-8.662,21.504,13.453,"S","J"],[133.067,-8.143,-208.955,-0.521,0,-0.854,0,1,0,0.854,0,-0.521,-8.606,20.567,13.488,"S","J"],[133.031,-8.06,-208.898,-0.515,0,-0.857,0,1,0,0.857,0,-0.515,-8.508,19.747,13.55,"S","J"],[132.966,-7.917,-208.792,-0.505,0,-0.863,0,1,0,0.863,0,-0.505,-8.358,18.219,13.643,"S","J"],[132.925,-7.83,-208.724,-0.496,0,-0.868,0,1,0,0.868,0,-0.496,-8.274,17.243,13.695,"S","J"],[132.855,-7.691,-208.604,-0.486,0,-0.874,0,1,0,0.874,0,-0.486,-8.081,15.541,13.809,"S","J"],[132.818,-7.624,-208.541,-0.477,0,-0.879,0,1,0,0.879,0,-0.477,-7.968,14.647,13.874,"S","J"],[132.796,-7.585,-208.502,-0.473,0,-0.881,0,1,0,0.881,0,-0.473,-7.887,14.1,13.92,"S","J"],[132.742,-7.494,-208.402,-0.463,0,-0.886,0,1,0,0.886,0,-0.463,-7.717,12.702,14.015,"S","J"],[132.682,-7.403,-208.292,-0.454,0,-0.891,0,1,0,0.891,0,-0.454,-7.59,11.156,14.085,"S","J"],[132.634,-7.337,-208.202,-0.442,0,-0.897,0,1,0,0.897,0,-0.442,-7.457,9.905,14.155,"S","J"],[132.608,-7.305,-208.151,-0.434,0,-0.901,0,1,0,0.901,0,-0.434,-7.345,9.209,14.214,"S","J"],[132.555,-7.246,-208.045,-0.426,0,-0.905,0,1,0,0.905,0,-0.426,-7.132,7.759,14.322,"S","J"],[132.523,-7.214,-207.979,-0.423,0,-0.906,0,1,0,0.906,0,-0.423,-7.022,6.857,14.377,"S","J"],[132.473,-7.171,-207.874,-0.417,0,-0.909,0,1,0,0.909,0,-0.417,-6.889,5.441,14.441,"S","J"],[132.443,-7.151,-207.812,-0.412,0,-0.911,0,1,0,0.911,0,-0.412,-6.808,4.586,14.479,"S","J"],[132.412,-7.135,-207.744,-0.412,0,-0.911,0,1,0,0.911,0,-0.412,-6.718,3.67,14.521,"S","J"],[132.361,-7.115,-207.632,-0.412,0,-0.911,0,1,0,0.911,0,-0.412,-6.611,2.164,14.57,"S","J"],[132.326,-7.11,-207.555,-0.412,0,-0.911,0,1,0,0.911,0,-0.412,-6.598,1.125,14.576,"S","J"],[132.278,-7.109,-207.447,-0.412,0,-0.911,0,1,0,0.911,0,-0.412,-6.593,-0.329,14.578,"S","J"],[132.226,-7.12,-207.333,-0.412,0,-0.911,0,1,0,0.911,0,-0.412,-6.592,-1.871,14.579,"S","J"],[132.195,-7.133,-207.266,-0.412,0,-0.911,0,1,0,0.911,0,-0.412,-6.592,-2.766,14.579,"S","J"],[132.176,-7.143,-207.223,-0.412,0,-0.911,0,1,0,0.911,0,-0.412,-6.592,-3.339,14.579,"S","J"],[132.114,-7.187,-207.086,-0.412,0,-0.911,0,1,0,0.911,0,-0.412,-6.592,-5.194,14.579,"S","J"],[132.089,-7.209,-207.032,-0.412,0,-0.911,0,1,0,0.911,0,-0.412,-6.592,-5.913,14.579,"S","J"],[132.044,-7.257,-206.932,-0.412,0,-0.911,0,1,0,0.911,0,-0.412,-6.592,-7.253,14.579,"S","J"],[131.998,-7.316,-206.83,-0.412,0,-0.911,0,1,0,0.911,0,-0.412,-6.592,-8.631,14.579,"S","J"],[131.945,-7.396,-206.711,-0.412,0,-0.911,0,1,0,0.911,0,-0.412,-6.592,-10.233,14.579,"S","J"],[131.899,-7.476,-206.61,-0.412,0,-0.911,0,1,0,0.911,0,-0.412,-6.592,-11.593,14.579,"S","J"],[131.862,-7.544,-206.529,-0.412,0,-0.911,0,1,0,0.911,0,-0.412,-6.592,-12.685,14.579,"S","J"],[131.822,-7.629,-206.439,-0.412,0,-0.911,0,1,0,0.911,0,-0.412,-6.592,-13.893,14.579,"S","J"],[131.785,-7.713,-206.358,-0.412,0,-0.911,0,1,0,0.911,0,-0.412,-6.592,-14.984,14.579,"S","J"],[131.75,-7.796,-206.281,-0.412,0,-0.911,0,1,0,0.911,0,-0.412,-6.592,-16.023,14.579,"S","J"],[131.697,-7.934,-206.164,-0.412,0,-0.911,0,1,0,0.911,0,-0.412,-6.592,-17.591,14.579,"S","J"],[131.663,-8.028,-206.09,-0.412,0,-0.911,0,1,0,0.911,0,-0.412,-6.592,-18.598,14.579,"S","J"],[131.638,-8.103,-206.033,-0.414,0,-0.91,0,1,0,0.91,0,-0.414,-6.606,-19.356,14.573,"S","J"],[131.606,-8.199,-205.964,-0.415,0,-0.91,0,1,0,0.91,0,-0.415,-6.623,-20.281,14.565,"S","J"],[131.555,-8.367,-205.85,-0.415,0,-0.91,0,1,0,0.91,0,-0.415,-6.633,-21.821,14.56,"S","J"],[131.532,-8.444,-205.801,-0.415,0,-0.91,0,1,0,0.91,0,-0.415,-6.634,-22.49,14.56,"S","J"],[131.47,-8.668,-205.664,-0.415,0,-0.91,0,1,0,0.91,0,-0.415,-6.635,-24.33,14.56,"S","J"],[131.428,-8.827,-205.573,-0.415,0,-0.91,0,1,0,0.91,0,-0.415,-6.635,-25.556,14.56,"S","J"],[131.387,-8.99,-205.483,-0.415,0,-0.91,0,1,0,0.91,0,-0.415,-6.635,-26.769,14.56,"S","J"],[131.345,-9.169,-205.39,-0.415,0,-0.91,0,1,0,0.91,0,-0.415,-6.635,-28.021,14.56,"S","J"],[131.31,-9.32,-205.313,-0.415,0,-0.91,0,1,0,0.91,0,-0.415,-6.635,-29.057,14.56,"S","J"],[131.28,-9.456,-205.247,-0.415,0,-0.91,0,1,0,0.91,0,-0.415,-6.635,-29.945,14.56,"S","J"],[131.236,-9.665,-205.15,-0.415,0,-0.91,0,1,0,0.91,0,-0.415,-6.635,-31.26,14.56,"S","J"],[131.197,-9.849,-205.066,-0.415,0,-0.91,0,1,0,0.91,0,-0.415,-6.635,-32.392,14.56,"S","J"],[131.161,-10.034,-204.986,-0.415,0,-0.91,0,1,0,0.91,0,-0.415,-6.635,-33.47,14.56,"S","J"],[131.118,-10.258,-204.891,-0.415,0,-0.91,0,1,0,0.91,0,-0.415,-6.635,-34.749,14.56,"S","J"],[131.075,-10.49,-204.797,-0.415,0,-0.91,0,1,0,0.91,0,-0.415,-6.635,-36.018,14.56,"S","J"],[131.032,-10.728,-204.703,-0.415,0,-0.91,0,1,0,0.91,0,-0.415,-6.635,-37.287,14.56,"S","J"],[130.995,-10.938,-204.623,-0.415,0,-0.91,0,1,0,0.91,0,-0.415,-6.635,-38.357,14.56,"S","J"],[130.952,-11.195,-204.528,-0.415,0,-0.91,0,1,0,0.91,0,-0.415,-6.635,-39.642,14.56,"S","J"],[130.921,-11.382,-204.461,-0.415,0,-0.91,0,1,0,0.91,0,-0.415,-6.635,-40.549,14.56,"S","J"],[130.891,-11.571,-204.394,-0.417,0,-0.909,0,1,0,0.909,0,-0.417,-6.635,-41.444,14.56,"S","J"],[130.839,-11.908,-204.279,-0.424,0,-0.906,0,1,0,0.906,0,-0.424,-6.635,-42.997,14.56,"S","J"],[130.799,-12.17,-204.193,-0.429,0,-0.903,0,1,0,0.903,0,-0.429,-6.669,-44.157,14.544,"S","J"],[130.755,-12.465,-204.097,-0.436,0,-0.9,0,1,0,0.9,0,-0.436,-6.745,-45.444,14.509,"S","J"],[130.712,-12.759,-204.006,-0.445,0,-0.895,0,1,0,0.895,0,-0.445,-6.838,-46.68,14.465,"S","J"],[130.681,-12.967,-203.942,-0.45,0,-0.893,0,1,0,0.893,0,-0.45,-6.9,-47.548,14.436,"S","J"],[130.634,-13.298,-203.846,-0.464,0,-0.886,0,1,0,0.886,0,-0.464,-7.053,-48.872,14.361,"S","J"],[130.59,-13.599,-203.759,-0.477,0,-0.879,0,1,0,0.879,0,-0.477,-7.18,-50.065,14.298,"S","J"],[130.559,-13.818,-203.698,-0.486,0,-0.874,0,1,0,0.874,0,-0.486,-7.299,-50.909,14.237,"S","J"],[130.509,-14.162,-203.605,-0.504,0,-0.864,0,1,0,0.864,0,-0.504,-7.568,-52.201,14.095,"S","J"],[130.452,-14.478,-203.502,-0.517,0,-0.856,0,1,0,0.856,0,-0.517,-7.73,-42.727,13.916,"S","J"],[130.391,-14.57,-203.395,-0.535,0,-0.845,0,1,0,0.845,0,-0.535,-7.806,-5.911,13.521,7,"J"],[130.367,-14.58,-203.354,-0.546,0,-0.837,0,1,0,0.837,0,-0.546,-7.899,-2.98,13.4,"S","J"],[130.322,-14.611,-203.281,-0.557,0,-0.83,0,1,0,0.83,0,-0.557,-8.287,-5.681,13.42,"S","J"],[130.262,-14.659,-203.188,-0.571,0,-0.821,0,1,0,0.821,0,-0.571,-8.593,-7.132,13.281,"S","J"],[130.214,-14.671,-203.116,-0.581,0,-0.814,0,1,0,0.814,0,-0.581,-8.706,-2.341,13.105,"S","J"],[130.147,-14.676,-203.018,-0.591,0,-0.807,0,1,0,0.807,0,-0.591,-8.983,-0.347,12.981,"S","J"],[130.115,-14.676,-202.972,-0.598,0,-0.802,0,1,0,0.802,0,-0.598,-9.084,-0.144,12.921,"S","J"],[130.087,-14.676,-202.934,-0.606,0,-0.795,0,1,0,0.795,0,-0.606,-9.263,-0.078,12.804,"S","J"],[130.021,-14.676,-202.846,-0.611,0,-0.792,0,1,0,0.792,0,-0.611,-9.468,-0.022,12.667,8,"J"],[129.945,-14.676,-202.746,-0.616,0,-0.787,0,1,0,0.787,0,-0.616,-9.66,-0.002,12.62,"S","J"],[129.914,-14.676,-202.707,-0.62,0,-0.785,0,1,0,0.785,0,-0.62,-9.709,-0.001,12.605,7,"J"],[129.834,-14.676,-202.604,-0.622,0,-0.783,0,1,0,0.783,0,-0.622,-9.781,0,12.567,"S","J"],[129.767,-14.676,-202.518,-0.626,0,-0.78,0,1,0,0.78,0,-0.626,-9.866,0,12.517,"S","J"],[129.705,-14.676,-202.44,-0.628,0,-0.778,0,1,0,0.778,0,-0.628,-9.917,0,12.481,"S","J"],[129.646,-14.688,-202.366,-0.634,0,-0.773,0,1,0,0.773,0,-0.634,-9.956,-1.756,12.446,"S","J"],[129.58,-14.673,-202.284,-0.639,0,-0.769,0,1,0,0.769,0,-0.639,-9.996,5.684,12.422,8,"J"],[129.543,-14.48,-202.238,-0.643,0,-0.766,0,1,0,0.766,0,-0.643,-9.996,52.944,12.422,3,"J"],[129.461,-14.056,-202.136,-0.645,0,-0.764,0,1,0,0.764,0,-0.645,-10.003,51.335,12.418,"S","J"],[129.416,-13.831,-202.082,-0.65,0,-0.76,0,1,0,0.76,0,-0.65,-10.182,50.461,12.316,5,"J"],[129.315,-13.347,-201.961,-0.657,0,-0.754,0,1,0,0.754,0,-0.657,-10.331,48.524,12.215,"S","J"],[129.288,-13.223,-201.929,-0.662,0,-0.749,0,1,0,0.749,0,-0.662,-10.367,48.014,12.185,"S","J"],[129.213,-12.885,-201.842,-0.667,0,-0.745,0,1,0,0.745,0,-0.667,-10.424,46.602,12.138,"S","J"],[129.165,-12.679,-201.788,-0.667,0,-0.745,0,1,0,0.745,0,-0.667,-10.525,45.719,12.05,"S","J"],[129.061,-12.247,-201.671,-0.672,0,-0.74,0,1,0,0.74,0,-0.672,-10.66,43.805,11.931,"S","J"],[129.009,-12.036,-201.613,-0.673,0,-0.739,0,1,0,0.739,0,-0.673,-10.691,42.845,11.903,"S","J"],[128.963,-11.857,-201.562,-0.675,0,-0.737,0,1,0,0.737,0,-0.675,-10.728,42.006,11.87,"S","J"],[128.879,-11.537,-201.469,-0.677,0,-0.736,0,1,0,0.736,0,-0.677,-10.759,40.473,11.843,"S","J"],[128.814,-11.303,-201.399,-0.677,0,-0.736,0,1,0,0.736,0,-0.677,-10.795,39.299,11.81,"S","J"],[128.751,-11.08,-201.331,-0.677,0,-0.736,0,1,0,