[[171.155,-16.736,-222.059,-0.999,0,-0.046,0,1,0,0.046,0,-0.999,-15.983,0.003,0.739,8,0],[171.088,-16.736,-222.055,-0.999,0,-0.046,0,1,0,0.046,0,-0.999,-15.983,0.002,0.739,"S","J"],[170.968,-16.736,-222.05,-0.999,0,-0.046,0,1,0,0.046,0,-0.999,-15.983,0.002,0.739,"S","J"],[170.867,-16.736,-222.045,-0.999,0,-0.046,0,1,0,0.046,0,-0.999,"v","S","J"],[170.762,-16.736,-222.041,-0.999,0,-0.046,0,1,0,0.046,0,-0.999,-15.983,0.001,0.739,"S","J"],[170.667,-16.736,-222.036,-0.999,0,-0.046,0,1,0,0.046,0,-0.999,-15.983,0.001,0.739,"S","J"],[170.558,-16.736,-222.031,-0.999,0,-0.046,0,1,0,0.046,0,-0.999,"v","S","J"],[170.479,-16.736,-222.028,-0.999,0,-0.046,0,1,0,0.046,0,-0.999,"v","S","J"],[170.402,-16.736,-222.024,-0.999,0,-0.046,0,1,0,0.046,0,-0.999,"v","S","J"],[170.262,-16.736,-222.017,-0.999,0,-0.046,0,1,0,0.046,0,-0.999,-15.983,0,0.739,"S","J"],[170.203,-16.736,-222.014,-0.999,0,-0.046,0,1,0,0.046,0,-0.999,-15.983,0,0.739,"S","J"],[170.135,-16.736,-222.011,-0.999,0,-0.046,0,1,0,0.046,0,-0.999,"v","S","J"],[170.01,-16.736,-222.006,-0.999,0,-0.046,0,1,0,0.046,0,-0.999,"v","S","J"],[169.894,-16.736,-222,-0.999,0,-0.046,0,1,0,0.046,0,-0.999,"v","S","J"],[169.817,-16.736,-221.997,-0.999,0,-0.046,0,1,0,0.046,0,-0.999,"v","S","J"],[169.744,-16.736,-221.994,-0.999,0,-0.046,0,1,0,0.046,0,-0.999,"v","S","J"],[169.633,-16.736,-221.988,-0.999,0,-0.046,0,1,0,0.046,0,-0.999,"v","S","J"],[169.548,-16.736,-221.984,-0.999,0,-0.046,0,1,0,0.046,0,-0.999,"v","S","J"],[169.435,-16.736,-221.979,-0.999,0,-0.046,0,1,0,0.046,0,-0.999,"v","S","J"],[169.337,-16.736,-221.974,-0.999,0,-0.046,0,1,0,0.046,0,-0.999,"v","S","J"],[169.236,-16.736,-221.97,-0.999,0,-0.046,0,1,0,0.046,0,-0.999,"v","S","J"],[169.149,-16.736,-221.966,-0.999,0,-0.046,0,1,0,0.046,0,-0.999,"v","S","J"],[168.994,-16.736,-221.959,-0.999,0,-0.046,0,1,0,0.046,0,-0.999,"v","S","J"],[168.956,-16.736,-221.957,-0.999,0,-0.046,0,1,0,0.046,0,-0.999,"v","S","J"],[168.887,-16.736,-221.954,-0.999,0,-0.046,0,1,0,0.046,0,-0.999,"v","S","J"],[168.785,-16.736,-221.949,-0.999,0,-0.046,0,1,0,0.046,0,-0.999,"v","S","J"],[168.686,-16.736,-221.944,-0.999,0,-0.046,0,1,0,0.046,0,-0.999,"v","S","J"],[168.526,-16.736,-221.937,-0.999,0,-0.046,0,1,0,0.046,0,-0.999,"v","S","J"],[168.487,-16.736,-221.935,-0.999,0,-0.046,0,1,0,0.046,0,-0.999,"v","S","J"],[168.38,-16.736,-221.93,-0.999,0,-0.046,0,1,0,0.046,0,-0.999,"v","S","J"],[168.292,-16.736,-221.926,-0.999,0,-0.046,0,1,0,0.046,0,-0.999,"v","S","J"],[168.188,-16.736,-221.922,-0.999,0,-0.046,0,1,0,0.046,0,-0.999,"v","S","J"],[168.085,-16.736,-221.917,-0.999,0,-0.046,0,1,0,0.046,0,-0.999,"v","S","J"],[168.005,-16.736,-221.913,-0.999,0,-0.046,0,1,0,0.046,0,-0.999,"v","S","J"],[167.878,-16.736,-221.907,-0.999,0,-0.046,0,1,0,0.046,0,-0.999,"v","S","J"],[167.812,-16.736,-221.904,-0.999,0,-0.046,0,1,0,0.046,0,-0.999,"v","S","J"],[167.695,-16.736,-221.898,-0.999,0,-0.046,0,1,0,0.046,0,-0.999,"v","S","J"],[167.619,-16.738,-221.895,-0.999,0,-0.046,0,1,0,0.046,0,-0.999,-15.983,-0.546,0.739,"S","J"],[167.478,-16.741,-221.889,-0.999,0,-0.046,0,1,0,0.046,0,-0.999,-15.983,-0.193,0.739,"S","J"],[167.391,-16.741,-221.885,-0.999,0,-0.046,0,1,0,0.046,0,-0.999,-15.983,-0.061,0.739,"S","J"],[167.275,-16.741,-221.88,-0.999,0,-0.046,0,1,0,0.046,0,-0.999,-15.983,-0.008,0.739,"S","J"],[167.204,-16.745,-221.876,-0.999,0,-0.046,0,1,0,0.046,0,-0.999,-15.983,-0.734,0.739,"S","J"],[167.07,-16.754,-221.869,-0.999,0,-0.046,0,1,0,0.046,0,-0.999,-15.983,-0.626,0.739,"S","J"],[166.999,-16.755,-221.866,-0.999,0,-0.046,0,1,0,0.046,0,-0.999,-15.983,-0.244,0.739,"S","J"],[166.905,-16.756,-221.862,-0.999,0,-0.046,0,1,0,0.046,0,-0.999,-15.983,-0.095,0.739,"S","J"],[166.811,-16.756,-221.858,-0.999,0,-0.046,0,1,0,0.046,0,-0.999,-15.983,-0.016,0.739,"S","J"],[166.733,-16.756,-221.854,-0.999,0,-0.046,0,1,0,0.046,0,-0.999,-15.983,-0.005,0.739,"S","J"],[166.633,-16.429,-221.85,-0.999,0,-0.053,0,1,0,0.053,0,-0.999,-15.983,39.155,0.739,"S","J"],[166.532,-16.1,-221.845,-0.998,0,-0.066,0,1,0,0.066,0,-0.998,-15.983,52.191,0.739,3,"J"],[166.389,-15.643,-221.837,-0.996,0,-0.088,0,1,0,0.088,0,-0.996,-15.975,50.434,0.889,"S","J"],[166.341,-15.495,-221.834,-0.995,0,-0.105,0,1,0,0.105,0,-0.995,-15.97,49.848,0.969,5,"J"],[166.221,-15.127,-221.825,-0.992,0,-0.13,0,1,0,0.13,0,-0.992,-15.95,48.362,1.259,"S","J"],[166.131,-14.861,-221.816,-0.987,0,-0.16,0,1,0,0.16,0,-0.987,-15.921,47.263,1.577,"S","J"],[165.999,-14.478,-221.8,-0.981,0,-0.193,0,1,0,0.193,0,-0.981,-15.864,45.631,2.068,"S","J"],[165.932,-14.287,-221.79,-0.974,0,-0.227,0,1,0,0.227,0,-0.974,-15.819,44.796,2.384,"S","J"],[165.822,-13.983,-221.769,-0.968,0,-0.252,0,1,0,0.252,0,-0.968,-15.734,43.427,2.887,"S","J"],[165.725,-13.719,-221.749,-0.958,0,-0.288,0,1,0,0.288,0,-0.958,-15.613,42.213,3.473,"S","J"],[165.67,-13.571,-221.735,-0.952,0,-0.307,0,1,0,0.307,0,-0.952,-15.526,41.511,3.844,"S","J"],[165.559,-13.282,-221.703,-0.944,0,-0.331,0,1,0,0.331,0,-0.944,-15.386,40.103,4.375,"S","J"],[165.483,-13.085,-221.681,-0.938,0,-0.346,0,1,0,0.346,0,-0.938,-15.286,39.124,4.717,"S","J"],[165.379,-12.825,-221.644,-0.934,0,-0.358,0,1,0,0.358,0,-0.934,-15.143,37.773,5.154,"S","J"],[165.311,-12.659,-221.621,-0.928,0,-0.372,0,1,0,0.372,0,-0.928,-15.068,36.897,5.376,"S","J"],[165.171,-12.325,-221.567,-0.923,0,-0.386,0,1,0,0.386,0,-0.923,-14.939,35.051,5.725,"S","J"],[165.115,-12.195,-221.545,-0.918,0,-0.396,0,1,0,0.396,0,-0.918,-14.876,34.31,5.889,"S","J"],[165.035,-12.016,-221.512,-0.915,0,-0.403,0,1,0,0.403,0,-0.915,-14.814,33.249,6.041,"S","J"],[164.932,-11.792,-221.47,-0.909,0,-0.416,0,1,0,0.416,0,-0.909,-14.728,31.894,6.25,"S","J"],[164.821,-11.56,-221.421,-0.905,0,-0.425,0,1,0,0.425,0,-0.905,-14.647,30.407,6.437,"S","J"],[164.74,-11.394,-221.383,-0.903,0,-0.43,0,1,0,0.43,0,-0.903,-14.57,29.306,6.61,"S","J"],[164.679,-11.274,-221.355,-0.897,0,-0.442,0,1,0,0.442,0,-0.897,-14.505,28.484,6.751,"S","J"],[164.58,-11.087,-221.308,-0.893,0,-0.449,0,1,0,0.449,0,-0.893,-14.461,27.133,6.846,"S","J"],[164.482,-10.91,-221.261,-0.89,0,-0.455,0,1,0,0.455,0,-0.89,-14.377,25.805,7.02,"S","J"],[164.396,-10.763,-221.218,-0.888,0,-0.461,0,1,0,0.461,0,-0.888,-14.311,24.636,7.154,"S","J"],[164.336,-10.662,-221.188,-0.885,0,-0.466,0,1,0,0.466,0,-0.885,-14.28,23.81,7.217,"S","J"],[164.241,-10.511,-221.139,-0.881,0,-0.474,0,1,0,0.474,0,-0.881,-14.224,22.495,7.326,"S","J"],[164.162,-10.389,-221.098,-0.877,0,-0.481,0,1,0,0.481,0,-0.877,-14.173,21.396,7.423,"S","J"],[164.055,-10.237,-221.041,-0.875,0,-0.485,0,1,0,0.485,0,-0.875,-14.099,19.911,7.563,"S","J"],[163.978,-10.132,-220.999,-0.872,0,-0.49,0,1,0,0.49,0,-0.872,-14.045,18.839,7.662,"S","J"],[163.887,-10.017,-220.948,-0.869,0,-0.495,0,1,0,0.495,0,-0.869,-14.009,17.563,7.73,"S","J"],[163.794,-9.905,-220.897,-0.865,0,-0.502,0,1,0,0.502,0,-0.865,-13.961,16.252,7.817,"S","J"],[163.7,-9.804,-220.843,-0.863,0,-0.505,0,1,0,0.505,0,-0.863,-13.91,14.932,7.907,"S","J"],[163.611,-9.715,-220.792,-0.858,0,-0.514,0,1,0,0.514,0,-0.858,-13.854,13.68,8.004,"S","J"],[163.563,-9.668,-220.764,-0.855,0,-0.519,0,1,0,0.519,0,-0.855,-13.826,12.979,8.051,"S","J"],[163.483,-9.601,-220.717,-0.852,0,-0.523,0,1,0,0.523,0,-0.852,-13.769,11.851,8.149,"S","J"],[163.403,-9.536,-220.668,-0.847,0,-0.531,0,1,0,0.531,0,-0.847,-13.709,10.708,8.248,"S","J"],[163.269,-9.444,-220.587,-0.842,0,-0.54,0,1,0,0.54,0,-0.842,-13.625,8.788,8.389,"S","J"],[163.227,-9.42,-220.56,-0.836,0,-0.548,0,1,0,0.548,0,-0.836,-13.581,8.176,8.459,"S","J"],[163.136,-9.373,-220.502,-0.834,0,-0.551,0,1,0,0.551,0,-0.834,-13.514,6.847,8.566,"S","J"],[163.062,-9.339,-220.454,-0.829,0,-0.559,0,1,0,0.559,0,-0.829,-13.431,5.772,8.694,"S","J"],[162.976,-9.31,-220.398,-0.824,0,-0.566,0,1,0,0.566,0,-0.824,-13.369,4.506,8.789,"S","J"],[162.896,-9.288,-220.345,-0.818,0,-0.575,0,1,0,0.575,0,-0.818,-13.3,3.321,8.894,"S","J"],[162.799,-9.273,-220.278,-0.812,0,-0.583,0,1,0,0.583,0,-0.812,-13.203,1.878,9.036,"S","J"],[162.733,-9.267,-220.233,-0.81,0,-0.587,0,1,0,0.587,0,-0.81,-13.13,0.909,9.143,"S","J"],[162.639,-9.269,-220.166,-0.804,0,-0.595,0,1,0,0.595,0,-0.804,-13.028,-0.519,9.287,"S","J"],[162.521,-9.285,-220.079,-0.751,0,-0.66,0,1,0,0.66,0,-0.751,-12.864,-2.316,9.512,"S","J"],[162.46,-9.3,-220.031,-0.716,0,-0.698,0,1,0,0.698,0,-0.716,-12.555,-3.267,9.908,"S","J"],[162.401,-9.32,-219.981,-0.69,0,-0.724,0,1,0,0.724,0,-0.69,-12.117,-4.216,10.433,"S","J"],[162.321,-9.357,-219.905,-0.66,0,-0.751,0,1,0,0.751,0,-0.66,-11.614,-5.567,10.989,"S","J"],[162.239,-9.406,-219.822,-0.631,0,-0.776,0,1,0,0.776,0,-0.631,-11.228,-7.005,11.391,"S","J"],[162.176,-9.451,-219.755,-0.591,0,-0.807,0,1,0,0.807,0,-0.591,-10.796,-8.129,11.799,"S","J"],[162.136,-9.485,-219.709,-0.554,0,-0.832,0,1,0,0.832,0,-0.554,-10.392,-8.879,12.151,"S","J"],[162.079,-9.544,-219.635,-0.512,0,-0.859,0,1,0,0.859,0,-0.512,-9.836,-10.024,12.599,"S","J"],[162.016,-9.617,-219.548,-0.466,0,-0.885,0,1,0,0.885,0,-0.466,-9.149,-11.338,13.111,"S","J"],[161.948,-9.719,-219.438,-0.418,0,-0.908,0,1,0,0.908,0,-0.418,-8.21,-12.931,13.71,"S","J"],[161.911,-9.785,-219.371,-0.36,0,-0.933,0,1,0,0.933,0,-0.36,-7.679,-13.865,14.023,"S","J"],[161.878,-9.856,-219.302,-0.317,0,-0.949,0,1,0,0.949,0,-0.317,-7.08,-14.808,14.33,"S","J"],[161.834,-9.968,-219.2,-0.261,0,-0.965,0,1,0,0.965,0,-0.261,-6.163,-16.184,14.736,"S","J"],[161.789,-10.108,-219.079,-0.222,0,-0.975,0,1,0,0.975,0,-0.222,-5.352,-17.761,15.063,"S","J"],[161.764,-10.201,-219.001,-0.175,0,-0.985,0,1,0,0.985,0,-0.175,-4.738,-18.756,15.266,"S","J"],[161.739,-10.329,-218.903,-0.121,0,-0.993,0,1,0,0.993,0,-0.121,-3.989,-20.007,15.475,"S","J"],[161.719,-10.449,-218.812,-0.076,0,-0.997,0,1,0,0.997,0,-0.076,-3.254,-21.141,15.651,"S","J"],[161.704,-10.596,-218.709,-0.027,0,-1,0,1,0,1,0,-0.027,-2.341,-22.427,15.803,"S","J"],[161.694,-10.721,-218.623,0.02,0,-1,0,1,0,1,0,0.02,-1.611,-23.491,15.903,"S","J"],[161.689,-10.822,-218.557,0.063,0,-0.998,0,1,0,0.998,0,0.063,-1.043,-24.304,15.947,"S","J"],[161.689,-11.059,-218.41,0.113,0,-0.994,0,1,0,0.994,0,0.113,0.194,-26.113,15.98,"S","J"],[161.691,-11.158,-218.351,0.132,0,-0.991,0,1,0,0.991,0,0.132,0.71,-26.838,15.968,"S","J"],[161.702,-11.364,-218.234,0.169,0,-0.986,0,1,0,0.986,0,0.169,1.497,-28.279,15.918,"S","J"],[161.714,-11.54,-218.139,0.213,0,-0.977,0,1,0,0.977,0,0.213,2.181,-29.465,15.633,"S","J"],[161.73,-11.712,-218.054,0.235,0,-0.972,0,1,0,0.972,0,0.235,2.862,-30.564,15.211,"S","J"],[161.753,-11.926,-217.954,0.279,0,-0.96,0,1,0,0.96,0,0.279,3.534,-31.902,14.537,"S","J"],[161.785,-12.189,-217.845,0.336,0,-0.942,0,1,0,0.942,0,0.336,4.132,-33.458,13.574,"S","J"],[161.813,-12.399,-217.767,0.372,0,-0.928,0,1,0,0.928,0,0.372,4.567,-34.649,12.823,"S","J"],[161.838,-12.583,-217.702,0.418,0,-0.909,0,1,0,0.909,0,0.418,5.032,-35.67,12.268,"S","J"],[161.866,-12.763,-217.644,0.454,0,-0.891,0,1,0,0.891,0,0.454,5.613,-36.633,11.874,"S","J"],[161.922,-13.095,-217.545,0.474,0,-0.881,0,1,0,0.881,0,0.474,6.628,-38.351,11.142,"S","J"],[161.97,-13.373,-217.468,0.488,0,-0.873,0,1,0,0.873,0,0.488,6.969,-39.741,10.661,"S","J"],[162.006,-13.536,-217.412,0.489,0,-0.872,0,1,0,0.872,0,0.489,6.401,-26.446,10.234,12,"J"],[161.835,-13.428,-217.24,0.489,0,-0.872,0,1,0,0.872,0,0.489,-18.414,5.383,23.966,"S","J"],[161.577,-13.242,-217.004,0.489,0,-0.872,0,1,0,0.872,0,0.489,-38.359,27.345,35.128,3,"J"],[161.282,-13.037,-216.731,0.489,0,-0.872,0,1,0,0.872,0,0.489,-37.384,25.799,34.562,5,"J"],[161.087,-12.905,-216.55,0.489,0,-0.872,0,1,0,0.872,0,0.489,-36.729,24.761,34.182,"S","J"],[160.987,-12.839,-216.457,0.489,0,-0.872,0,1,0,0.872,0,0.489,-36.391,24.224,33.986,"S","J"],[160.657,-12.626,-216.145,0.208,0,-0.978,0,1,0,0.978,0,0.208,-35.191,22.398,33.412,"S","J"],[160.535,-12.55,-216.029,0.07,0,-0.998,0,1,0,0.998,0,0.07,-34.734,21.711,33.206,"S","J"],[160.363,-12.445,-215.863,-0.038,0,-0.999,0,1,0,0.999,0,-0.038,-34.082,20.725,32.905,"S","J"],[160.089,-12.284,-215.595,-0.239,0,-0.971,0,1,0,0.971,0,-0.239,-33.021,19.103,32.383,"S","J"],[159.957,-12.21,-215.465,-0.364,0,-0.932,0,1,0,0.932,0,-0.364,-32.506,18.311,32.122,"S","J"],[159.778,-12.114,-215.287,-0.465,0,-0.885,0,1,0,0.885,0,-0.465,-31.808,17.207,31.722,"S","J"],[159.548,-11.993,-215.056,-0.608,0,-0.794,0,1,0,0.794,0,-0.608,-30.918,15.763,31.163,"S","J"],[159.389,-11.916,-214.895,-0.696,0,-0.718,0,1,0,0.718,0,-0.696,-30.328,14.734,30.7,"S","J"],[159.181,-11.821,-214.685,-0.693,0,-0.721,0,1,0,0.721,0,-0.693,-29.624,13.366,29.995,"S","J"],[159.047,-11.763,-214.549,-0.691,0,-0.723,0,1,0,0.723,0,-0.691,-29.159,12.465,29.531,"S","J"],[158.787,-11.661,-214.286,-0.689,0,-0.725,0,1,0,0.725,0,-0.689,-28.236,10.677,28.61,"S","J"],[158.68,-11.623,-214.177,-0.686,0,-0.727,0,1,0,0.727,0,-0.686,-27.845,9.922,28.223,"S","J"],[158.528,-11.574,-214.022,-0.683,0,-0.731,0,1,0,0.731,0,-0.683,-27.275,8.822,27.66,"S","J"],[158.348,-11.521,-213.841,-0.679,0,-0.734,0,1,0,0.734,0,-0.679,-26.592,7.509,26.988,"S","J"],[158.204,-11.485,-213.694,-0.676,0,-0.737,0,1,0,0.737,0,-0.676,-26.026,6.423,26.435,"S","J"],[158.01,-11.445,-213.497,-0.672,0,-0.741,0,1,0,0.741,0,-0.672,-25.243,4.928,25.677,"S","J"],[157.895,-11.426,-213.378,-0.669,0,-0.743,0,1,0,0.743,0,-0.669,-24.761,4.01,25.214,"S","J"],[157.722,-11.405,-213.202,-0.665,0,-0.747,0,1,0,0.747,0,-0.665,-24.023,2.611,24.51,"S","J"],[157.621,-11.397,-213.101,-0.662,0,-0.749,0,1,0,0.749,0,-0.662,-23.585,1.782,24.093,"S","J"],[157.433,-11.392,-212.908,-0.662,0,-0.749,0,1,0,0.749,0,-0.662,-22.727,0.17,23.29,"S","J"],[157.339,-11.395,-212.81,-0.662,0,-0.749,0,1,0,0.749,0,-0.662,-22.28,-0.669,22.874,"S","J"],[157.221,-11.405,-212.689,-0.662,0,-0.749,0,1,0,0.749,0,-0.662,-21.713,-1.732,22.345,"S","J"],[157.074,-11.423,-212.538,-0.662,0,-0.749,0,1,0,0.749,0,-0.662,-20.989,-3.092,21.67,"S","J"],[156.964,-11.446,-212.423,-0.662,0,-0.749,0,1,0,0.749,0,-0.662,-20.426,-4.148,21.145,"S","J"],[156.846,-11.477,-212.301,-0.662,0,-0.749,0,1,0,0.749,0,-0.662,-19.804,-5.314,20.566,"S","J"],[156.717,-11.519,-212.167,-0.662,0,-0.749,0,1,0,0.749,0,-0.662,-19.104,-6.626,19.914,"S","J"],[156.574,-11.578,-212.017,-0.662,0,-0.749,0,1,0,0.749,0,-0.662,-18.297,-8.139,19.163,"S","J"],[156.52,-11.605,-211.961,-0.66,0,-0.751,0,1,0,0.751,0,-0.66,-17.982,-8.73,18.869,"S","J"],[156.346,-11.708,-211.777,-0.654,0,-0.757,0,1,0,0.757,0,-0.654,-16.923,-10.714,17.884,"S","J"],[156.297,-11.742,-211.725,-0.65,0,-0.76,0,1,0,0.76,0,-0.65,-16.61,-11.297,17.596,"S","J"],[156.2,-11.817,-211.621,-0.648,0,-0.762,0,1,0,0.762,0,-0.648,-15.963,-12.49,17.015,"S","J"],[156.097,-11.906,-211.512,-0.645,0,-0.764,0,1,0,0.764,0,-0.645,-15.255,-13.785,16.392,"S","J"],[156.035,-11.967,-211.444,-0.637,0,-0.771,0,1,0,0.771,0,-0.637,-14.796,-14.614,15.998,"S","J"],[155.934,-12.08,-211.334,-0.635,0,-0.772,0,1,0,0.772,0,-0.635,-14.013,-16.018,15.339,"S","J"],[155.825,-12.222,-211.213,-0.632,0,-0.775,0,1,0,0.775,0,-0.632,-13.098,-17.621,14.612,"S","J"],[155.734,-12.36,-211.105,-0.634,0,-0.773,0,1,0,0.773,0,-0.634,-12.087,-19.066,14.59,"S","J"],[155.632,-12.547,-210.97,-0.634,0,-0.773,0,1,0,0.773,0,-0.634,-10.785,-20.86,14.717,"S","J"],[155.524,-12.795,-210.805,-0.634,0,-0.774,0,1,0,0.774,0,-0.634,-9.204,-23.04,14.871,"S","J"],[155.483,-12.909,-210.734,-0.636,0,-0.772,0,1,0,0.772,0,-0.636,-8.524,-23.977,14.937,"S","J"],[155.412,-13.146,-210.594,-0.641,0,-0.767,0,1,0,0.767,0,-0.641,-7.195,-25.81,15.068,"S","J"],[155.385,-13.253,-210.533,-0.642,0,-0.767,0,1,0,0.767,0,-0.642,-6.619,-26.604,15.126,"S","J"],[155.336,-13.494,-210.402,-0.642,0,-0.767,0,1,0,0.767,0,-0.642,-5.39,-28.299,15.249,"S","J"],[155.315,-13.624,-210.333,-0.642,0,-0.767,0,1,0,0.767,0,-0.642,-4.755,-29.175,15.314,"S","J"],[155.289,-13.832,-210.228,-0.642,0,-0.767,0,1,0,0.767,0,-0.642,-3.777,-30.522,15.412,"S","J"],[155.274,-13.972,-210.158,-0.642,0,-0.767,0,1,0,0.767,0,-0.642,-3.139,-31.402,15.477,"S","J"],[155.259,-14.184,-210.057,-0.642,0,-0.767,0,1,0,0.767,0,-0.642,-2.219,-32.672,15.57,"S","J"],[155.25,-14.371,-209.97,-0.642,0,-0.767,0,1,0,0.767,0,-0.642,-1.423,-33.769,15.65,"S","J"],[155.245,-14.574,-209.878,-0.642,0,-0.767,0,1,0,0.767,0,-0.642,-0.59,-34.917,15.734,"S","J"],[155.247,-14.815,-209.772,-0.642,0,-0.767,0,1,0,0.767,0,-0.642,0.356,-36.222,15.83,"S","J"],[155.25,-14.913,-209.699,-0.642,0,-0.767,0,1,0,0.767,0,-0.642,0.659,-18.394,15.498,"S","J"],[155.254,-14.888,-209.595,-0.642,0,-0.767,0,1,0,0.767,0,-0.642,0.615,3.463,14.478,12,"J"],[155.257,-14.848,-209.527,-0.597,0,-0.802,0,1,0,0.802,0,-0.597,0.586,9.441,13.787,"S","J"],[155.262,-14.756,-209.418,-0.517,0,-0.856,0,1,0,0.856,0,-0.517,0.534,10.877,12.568,"S","J"],[155.265,-14.691,-209.346,-0.451,0,-0.893,0,1,0,0.893,0,-0.451,0.498,11.147,11.719,"S","J"],[155.267,-14.652,-209.308,-0.393,0,-0.92,0,1,0,0.92,0,-0.393,0.477,11.174,11.229,"S","J"],[155.269,-14.588,-209.249,-0.32,0,-0.947,0,1,0,0.947,0,-0.32,0.442,11.19,10.411,"S","J"],[155.272,-14.482,-209.177,-0.245,0,-0.97,0,1,0,0.97,0,-0.245,0.265,11.199,6.254,"S","J"],[155.273,-14.414,-209.154,-0.167,0,-0.986,0,1,0,0.986,0,-0.167,0.104,11.2,2.456,"S","J"],[155.259,-14.367,-209.164,-0.096,-0.001,-0.995,0,1,-0.001,0.995,0,-0.096,-0.487,11.016,0.439,"S","J"],[155.232,-14.301,-209.189,-0.028,-0.002,-1,0.001,1,-0.002,1,-0.001,-0.027,-0.22,11.113,0.105,"S","J"],[155.164,-14.129,-209.235,0.064,-0.004,-0.998,0.001,1,-0.004,0.998,-0.001,0.064,-1.213,27.195,2.218,8,"J"],[155.107,-13.952,-209.258,0.097,-0.007,-0.995,0.002,1,-0.007,0.995,-0.001,0.097,-2.307,32.534,3.942,"S","J"],[155.038,-13.739,-209.273,0.143,-0.009,-0.99,0.003,1,-0.009,0.99,-0.002,0.143,-3.462,33.828,5.49,"S","J"],[154.946,-13.473,-209.273,0.187,-0.011,-0.982,0.003,1,-0.011,0.982,-0.001,0.188,-4.244,28.165,6.079,"S","J"],[154.873,-13.411,-209.324,0.174,-0.012,-0.985,0.004,1,-0.011,0.985,-0.002,0.174,-4.027,26.288,4.825,"S","J"],[154.764,-12.897,-209.346,0.162,-0.015,-0.987,0.008,1,-0.014,0.987,-0.006,0.162,-3.82,52.826,4.25,"S","J"],[154.741,-12.704,-209.34,0.153,-0.014,-0.988,0.008,1,-0.013,0.988,-0.006,0.154,-3.359,52.069,4.329,5,"J"],[154.723,-12.396,-209.315,0.144,-0.012,-0.99,0.006,1,-0.011,0.99,-0.005,0.144,-2.455,50.882,4.634,"S","J"],[154.704,-12.062,-209.29,0.127,-0.008,-0.992,0.004,1,-0.007,0.992,-0.003,0.127,-1.806,49.455,4.625,"S","J"],[154.687,-11.713,-209.264,0.113,-0.007,-0.994,0.004,1,-0.007,0.994,-0.003,0.113,-1.884,47.74,3.932,"S","J"],[154.673,-11.366,-209.237,0.09,-0.007,-0.996,0.004,1,-0.007,0.996,-0.003,0.09,-1.12,46.158,4.053,"S","J"],[154.665,-11.188,-209.226,0.078,-0.007,-0.997,0.004,1,-0.007,0.997,-0.003,0.078,-1.05,45.23,3.801,"S","J"],[154.657,-10.982,-209.214,0.054,-0.007,-0.999,0.004,1,-0.007,0.999,-0.004,0.054,-0.927,44.146,3.577,"S","J"],[154.653,-10.656,-209.187,0.023,-0.005,-1,0.002,1,-0.005,1,-0.002,0.023,-0.194,42.54,3.811,"S","J"],[154.648,-10.446,-209.171,-0.008,-0.004,-1,0.002,1,-0.004,1,-0.002,-0.008,-0.098,41.377,3.616,"S","J"],[154.652,-10.138,-209.141,-0.044,-0.003,-0.999,0.001,1,-0.003,0.999,-0.001,-0.044,0.709,39.831,4.08,"S","J"],[154.649,-9.958,-209.129,-0.082,-0.004,-0.997,0.001,1,-0.004,0.997,-0.001,-0.082,0.451,38.664,3.635,"S","J"],[154.653,-9.76,-209.11,-0.119,-0.004,-0.993,0.001,1,-0.004,0.993,-0.001,-0.119,0.8,37.531,3.833,"S","J"],[154.659,-9.554,-209.086,-0.161,-0.004,-0.987,0.001,1,-0.004,0.987,-0.002,-0.161,1.461,36.435,4.371,"S","J"],[154.677,-9.263,-209.045,-0.209,-0.002,-0.978,0.001,1,-0.003,0.978,-0.002,-0.209,2.314,34.808,5.221,"S","J"],[154.681,-9.093,-209.026,-0.249,-0.003,-0.969,0,1,-0.003,0.969,-0.001,-0.249,1.744,33.459,4.675,"S","J"],[154.689,-8.847,-208.995,-0.293,-0.003,-0.956,-0.001,1,-0.003,0.956,0,-0.293,1.592,31.647,4.633,"S","J"],[154.696,-8.734,-208.975,-0.323,-0.003,-0.946,-0.001,1,-0.002,0.946,0,-0.323,1.742,25.581,4.662,12,"J"],[154.701,-8.668,-208.959,-0.356,-0.002,-0.934,-0.001,1,-0.002,0.934,0,-0.356,1.548,17.314,4.112,"S","J"],[154.714,-8.532,-208.926,-0.333,0,-0.943,0,1,0,0.943,0,-0.333,1.001,11.793,2.664,"S","J"],[154.718,-8.465,-208.913,-0.264,0,-0.964,0,1,0,0.964,0,-0.264,0.692,11.307,1.867,"S","J"],[154.721,-8.399,-208.907,-0.215,0,-0.977,0,1,0,0.977,0,-0.215,0.393,11.235,1.075,"S","J"],[154.722,-8.332,-208.904,-0.183,0,-0.983,0,1,0,0.983,0,-0.183,0.128,11.207,0.362,"S","J"],[154.722,-8.242,-208.903,-0.101,0,-0.995,0,1,0,0.995,0,-0.101,0.026,11.201,0.079,"S","J"],[154.722,-8.144,-208.898,-0.047,0,-0.999,0,1,0,0.999,0,-0.047,-0.178,20.774,1.197,"S","J"],[154.72,-7.967,-208.876,0.002,0,-1,0,1,0,1,0,0.002,-0.467,35.628,4.073,8,"J"],[154.714,-7.577,-208.807,0.096,0,-0.995,0,1,0,0.995,0,0.096,-0.586,44.021,9.634,"S","J"],[154.714,-7.439,-208.767,0.14,0,-0.99,0,1,0,0.99,0,0.14,-0.195,42.436,11.603,"S","J"],[154.719,-7.218,-208.683,0.192,0,-0.981,0,1,0,0.981,0,0.192,0.771,37.65,14.044,"S","J"],[154.737,-6.917,-208.536,0.259,0,-0.966,0,1,0,0.966,0,0.259,2.124,29.066,15.629,"S","J"],[154.747,-6.81,-208.472,0.293,0,-0.956,0,1,0,0.956,0,0.293,2.413,23.751,15.066,"S","J"],[154.738,-6.722,-208.315,0.353,0,-0.935,0,1,0,0.935,0,0.353,-3.096,2.31,13.839,12,"J"],[154.727,-6.72,-208.285,0.361,0,-0.933,0,1,0,0.933,0,0.361,-4.297,1.577,14.033,"S","J"],[154.689,-6.717,-208.195,0.379,0,-0.925,0,1,0,0.925,0,0.379,-5.942,0.495,14.378,"S","J"],[154.653,-6.716,-208.111,0.394,0,-0.919,0,1,0,0.919,0,0.394,-6.405,0.096,14.57,"S","J"],[154.611,-6.716,-208.013,0.407,0,-0.914,0,1,0,0.914,0,0.407,-6.217,0.031,14.715,"S","J"],[154.573,-6.716,-207.922,0.418,0,-0.908,0,1,0,0.908,0,0.418,-6.001,0.009,14.826,"S","J"],[154.53,-6.716,-207.809,0.426,0,-0.905,0,1,0,0.905,0,0.426,-5.76,0.006,14.925,"S","J"],[154.503,-6.716,-207.736,0.429,0,-0.903,0,1,0,0.903,0,0.429,-5.609,0.005,14.984,"S","J"],[154.48,-6.716,-207.674,0.431,0,-0.902,0,1,0,0.902,0,0.431,-5.496,0.004,15.026,"S","J"],[154.44,-6.716,-207.561,0.431,0,-0.902,0,1,0,0.902,0,0.431,-5.379,0.004,15.068,"S","J"],[154.413,-6.716,-207.487,0.431,0,-0.902,0,1,0,0.902,0,0.431,-5.339,0.004,15.083,"S","J"],[154.384,-6.716,-207.404,0.431,0,-0.902,0,1,0,0.902,0,0.431,-5.332,0.004,15.086,"S","J"],[154.351,-6.724,-207.31,0.431,0,-0.902,0,1,0,0.902,0,0.431,-5.273,-1.958,14.93,"S","J"],[154.318,-6.782,-207.217,0.431,0,-0.902,0,1,0,0.902,0,0.431,-4.956,-8.578,14.033,"S","J"],[154.281,-6.862,-207.114,0.431,0,-0.902,0,1,0,0.902,0,0.431,-4.591,-10.874,12.998,"S","J"],[154.264,-6.906,-207.065,0.431,0,-0.902,0,1,0,0.902,0,0.431,-4.402,-11.071,12.463,"S","J"],[154.228,-7.004,-206.963,0.431,0,-0.902,0,1,0,0.902,0,0.431,-3.981,-11.181,11.269,"S","J"],[154.206,-7.072,-206.9,0.431,0,-0.902,0,1,0,0.902,0,0.431,-3.695,-11.194,10.46,"S","J"],[154.188,-7.126,-206.851,0.431,0,-0.902,0,1,0,0.902,0,0.431,-3.465,-11.198,9.809,"S","J"],[154.169,-7.194,-206.795,0.431,0,-0.902,0,1,0,0.902,0,0.431,-3.175,-11.2,8.989,"S","J"],[154.151,-7.264,-206.744,0.431,0,-0.902,0,1,0,0.902,0,0.431,-2.875,-11.2,8.14,"S","J"],[154.135,-7.329,-206.698,0.431,0,-0.902,0,1,0,0.902,0,0.431,-2.888,-11.773,8.177,8,"J"],[154.123,-7.385,-206.664,0.469,0,-0.883,0,1,0,0.883,0,0.469,-2.796,-12.642,7.915,"S","J"],[154.106,-7.489,-206.609,0.487,0,-0.873,0,1,0,0.873,0,0.487,-2.055,-14.109,7.166,"S","J"],[154.096,-7.575,-206.569,0.498,0,-0.867,0,1,0,0.867,0,0.498,-1.442,-15.248,6.606,5,"J"],[154.09,-7.713,-206.519,0.515,0,-0.857,0,1,0,0.857,0,0.515,-0.568,-16.891,5.787,"S","J"],[154.089,-7.777,-206.5,0.519,0,-0.855,0,1,0,0.855,0,0.519,-0.196,-17.595,5.434,"S","J"],[154.093,-7.922,-206.463,0.532,0,-0.847,0,1,0,0.847,0,0.532,0.592,-19.109,4.661,"S","J"],[154.097,-8.02,-206.443,0.539,0,-0.842,0,1,0,0.842,0,0.539,1.091,-20.072,4.168,"S","J"],[154.104,-8.108,-206.426,0.547,0,-0.837,0,1,0,0.837,0,0.547,1.515,-20.901,3.736,"S","J"],[154.118,-8.255,-206.406,0.554,0,-0.833,0,1,0,0.833,0,0.554,2.174,-22.202,3.054,"S","J"],[154.142,-8.458,-206.385,0.581,0,-0.814,0,1,0,0.814,0,0.581,3.023,-23.903,2.152,"S","J"],[154.161,-8.596,-206.376,0.6,0,-0.8,0,1,0,0.8,0,0.6,3.551,-24.997,1.554,"S","J"],[154.199,-8.836,-206.368,0.601,0,-0.799,0,1,0,0.799,0,0.601,4.384,-26.79,0.547,"S","J"],[154.24,-9.065,-206.369,0.606,0,-0.795,0,1,0,0.795,0,0.606,5.13,-28.396,-0.356,"S","J"],[154.263,-9.186,-206.372,0.607,0,-0.795,0,1,0,0.795,0,0.607,5.501,-29.204,-0.814,"S","J"],[154.288,-9.316,-206.377,0.607,0,-0.795,0,1,0,0.795,0,0.607,5.888,-30.047,-1.292,"S","J"],[154.341,-9.572,-206.393,0.607,0,-0.795,0,1,0,0.795,0,0.607,6.628,-31.658,-2.203,"S","J"],[154.382,-9.762,-206.41,0.607,0,-0.795,0,1,0,0.795,0,0.607,7.152,-32.802,-2.851,"S","J"],[154.418,-9.931,-206.424,0.607,0,-0.795,0,1,0,0.795,0,0.607,7.053,-33.781,-2.915,"S","J"],[154.459,-10.156,-206.44,0.607,0,-0.795,0,1,0,0.795,0,0.607,6.277,-35.046,-2.42,"S","J"],[154.495,-10.329,-206.453,0.607,0,-0.795,0,1,0,0.795,0,0.607,5.474,-28.432,-2.012,12,"J"],[154.472,-10.375,-206.423,0.607,0,-0.795,0,1,0,0.795,0,0.607,-8.788,2.096,8.586,"S","J"],[154.254,-10.161,-206.243,0.607,0,-0.795,0,1,0,0.795,0,0.607,-34.557,33.874,28.437,3,"J"],[154.036,-9.949,-206.062,0.607,0,-0.795,0,1,0,0.795,0,0.607,-33.704,32.619,28.106,5,"J"],[153.862,-9.783,-205.916,0.607,0,-0.795,0,1,0,0.795,0,0.607,-33.003,31.588,27.835,"S","J"],[153.705,-9.634,-205.781,0.607,0,-0.795,0,1,0,0.795,0,0.607,-32.351,30.629,27.582,"S","J"],[153.385,-9.336,-205.504,0.607,0,-0.795,0,1,0,0.795,0,0.607,-30.992,28.628,27.054,"S","J"],[153.253,-9.215,-205.388,0.607,0,-0.795,0,1,0,0.795,0,0.607,-30.417,27.785,26.837,"S","J"],[153.087,-9.066,-205.24,0.607,0,-0.795,0,1,0,0.795,0,0.607,-29.665,26.691,26.573,"S","J"],[152.93,-8.927,-205.096,0.607,0,-0.795,0,1,0,0.795,0,0.607,-28.927,25.618,26.313,"S","J"],[152.715,-8.739,-204.898,0.607,0,-0.795,0,1,0,0.795,0,0.607,-27.905,24.131,25.953,"S","J"],[152.532,-8.585,-204.725,0.607,0,-0.795,0,1,0,0.795,0,0.607,-26.992,22.803,25.632,"S","J"],[152.404,-8.478,-204.602,0.607,0,-0.795,0,1,0,0.795,0,0.607,-26.34,21.855,25.403,"S","J"],[152.305,-8.396,-204.505,0.607,0,-0.795,0,1,0,0.795,0,0.607,-25.821,21.1,25.22,"S","J"],[152.122,-8.252,-204.323,0.607,0,-0.795,0,1,0,0.795,0,0.607,-24.834,19.665,24.873,"S","J"],[151.995,-8.153,-204.194,0.607,0,-0.795,0,1,0,0.795,0,0.607,-24.129,18.639,24.625,"S","J"],[151.808,-8.013,-203.998,0.607,0,-0.795,0,1,0,0.795,0,0.607,-23.042,17.058,24.242,"S","J"],[151.675,-7.917,-203.854,0.607,0,-0.795,0,1,0,0.795,0,0.607,-22.236,15.887,23.959,"S","J"],[151.527,-7.814,-203.691,0.607,0,-0.795,0,1,0,0.795,0,0.607,-21.312,14.542,23.634,"S","J"],[151.398,-7.731,-203.544,0.607,0,-0.795,0,1,0,0.795,0,0.607,-20.462,13.306,23.335,"S","J"],[151.274,-7.653,-203.4,0.607,0,-0.795,0,1,0,0.795,0,0.607,-19.622,12.084,23.039,"S","J"],[151.188,-7.603,-203.298,0.592,0,-0.806,0,1,0,0.806,0,0.592,-19.013,11.198,22.825,"S","J"],[151.049,-7.525,-203.126,0.549,0,-0.836,0,1,0,0.836,0,0.549,-17.985,9.703,22.465,"S","J"],[150.932,-7.468,-202.975,0.53,0,-0.848,0,1,0,0.848,0,0.53,-17.066,8.37,22.15,"S","J"],[150.841,-7.426,-202.853,0.512,0,-0.859,0,1,0,0.859,0,0.512,-16.316,7.284,21.896,"S","J"],[150.758,-7.393,-202.738,0.493,0,-0.87,0,1,0,0.87,0,0.493,-15.588,6.231,21.651,"S","J"],[150.657,-7.357,-202.593,0.481,0,-0.877,0,1,0,0.877,0,0.481,-14.68,4.917,21.348,"S","J"],[150.546,-7.328,-202.424,0.465,0,-0.885,0,1,0,0.885,0,0.465,-13.58,3.328,20.987,"S","J"],[150.47,-7.313,-202.303,0.454,0,-0.891,0,1,0,0.891,0,0.454,-12.794,2.193,20.73,"S","J"],[150.413,-7.308,-202.205,0.443,0,-0.897,0,1,0,0.897,0,0.443,-12.143,1.255,20.519,"S","J"],[150.337,-7.306,-202.072,0.43,0,-0.903,0,1,0,0.903,0,0.43,-11.252,-0.03,20.231,"S","J"],[150.263,-7.315,-201.93,0.415,0,-0.91,0,1,0,0.91,0,0.415,-10.281,-1.429,19.92,"S","J"],[150.218,-7.324,-201.841,0.403,0,-0.915,0,1,0,0.915,0,0.403,-9.664,-2.317,19.723,"S","J"],[150.171,-7.341,-201.739,0.378,0,-0.926,0,1,0,0.926,0,0.378,-8.955,-3.337,19.498,"S","J"],[150.1,-7.383,-201.567,0.348,0,-0.937,0,1,0,0.937,0,0.348,-7.733,-5.095,19.114,"S","J"],[150.069,-7.408,-201.485,0.322,0,-0.947,0,1,0,0.947,0,0.322,-7.149,-5.936,18.932,"S","J"],[150.043,-7.434,-201.413,0.293,0,-0.956,0,1,0,0.956,0,0.293,-6.621,-6.694,18.768,"S","J"],[150.018,-7.468,-201.331,0.27,0,-0.963,0,1,0,0.963,0,0.27,-6.016,-7.561,18.582,"S","J"],[149.98,-7.528,-201.202,0.229,0,-0.973,0,1,0,0.973,0,0.229,-5.057,-8.938,18.288,"S","J"],[149.948,-7.608,-201.062,0.179,0,-0.984,0,1,0,0.984,0,0.179,-3.999,-10.458,17.961,"S","J"],[149.924,-7.687,-200.938,0.141,0,-0.99,0,1,0,0.99,0,0.141,-3.047,-11.827,17.662,"S","J"],[149.91,-7.769,-200.829,0.121,0,-0.993,0,1,0,0.993,0,0.121,-2.194,-13.06,17.38,"S","J"],[149.901,-7.851,-200.727,0.079,0,-0.997,0,1,0,0.997,0,0.079,-1.394,-14.219,17.107,"S","J"],[149.897,-7.953,-200.617,0.051,0,-0.999,0,1,0,0.999,0,0.051,-0.51,-15.514,16.776,"S","J"],[149.897,-8.045,-200.523,0.026,0,-1,0,1,0,1,0,0.026,0.223,-16.63,16.431,"S","J"],[149.899,-8.11,-200.463,0.012,0,-1,0,1,0,1,0,0.012,0.477,-17.352,16.247,"S","J"],[149.904,-8.268,-200.326,-0.004,0,-1,0,1,0,1,0,-0.004,0.516,-19.024,16.02,"S","J"],[149.904,-8.397,-200.224,-0.01,0,-1,0,1,0,1,0,-0.01,0.154,-20.275,16.006,"S","J"],[149.904,-8.518,-200.132,-0.012,0,-1,0,1,0,1,0,-0.012,-0.07,-21.402,16.001,"S","J"],[149.903,-8.637,-200.048,-0.015,0,-1,0,1,0,1,0,-0.015,-0.12,-22.439,16,"S","J"],[149.902,-8.799,-199.937,-0.019,0,-1,0,1,0,1,0,-0.019,-0.179,-23.803,15.999,"S","J"],[149.901,-8.962,-199.833,-0.024,0,-1,0,1,0,1,0,-0.024,-0.234,-25.072,15.999,"S","J"],[149.899,-9.107,-199.743,-0.029,0,-1,0,1,0,1,0,-0.029,-0.28,-26.179,15.998,"S","J"],[149.897,-9.289,-199.637,-0.035,0,-0.999,0,1,0,0.999,0,-0.035,-0.357,-27.479,15.996,"S","J"],[149.894,-9.467,-199.536,-0.04,0,-0.999,0,1,0,0.999,0,-0.04,-0.449,-28.711,15.993,"S","J"],[149.892,-9.587,-199.471,-0.045,0,-0.999,0,1,0,0.999,0,-0.045,-0.51,-29.505,15.991,"S","J"],[149.888,-9.803,-199.358,-0.051,0,-0.999,0,1,0,0.999,0,-0.051,-0.585,-30.898,15.989,"S","J"],[149.884,-9.952,-199.283,-0.057,0,-0.998,0,1,0,0.998,0,-0.057,-0.666,-31.815,15.986,"S","J"],[149.878,-10.233,-199.147,-0.062,0,-0.998,0,1,0,0.998,0,-0.062,-0.8,-33.484,15.98,"S","J"],[149.874,-10.375,-199.08,-0.066,0,-0.998,0,1,0,0.998,0,-0.066,-0.887,-34.3,15.975,"S","J"],[149.87,-10.508,-199.02,-0.065,0,-0.998,0,1,0,0.998,0,-0.065,-0.979,-35.041,15.97,"S","J"],[149.86,-10.862,-198.865,-0.065,0,-0.998,0,1,0,0.998,0,-0.065,-1.036,-36.948,15.967,"S","J"],[149.854,-11.073,-198.776,-0.065,0,-0.998,0,1,0,0.998,0,-0.065,-1.04,-38.036,15.966,"S","J"],[149.847,-11.359,-198.659,-0.065,0,-0.998,0,1,0,0.998,0,-0.065,-1.043,-39.475,15.966,"S","J"],[149.842,-11.551,-198.584,-0.065,0,-0.998,0,1,0,0.998,0,-0.065,-1.043,-40.401,15.966,"S","J"],[149.835,-11.824,-198.478,-0.065,0,-0.998,0,1,0,0.998,0,-0.065,-1.043,-41.7,15.966,"S","J"],[149.83,-12.053,-198.393,-0.065,0,-0.998,0,1,0,0.998,0,-0.065,-1.043,-42.751,15.966,"S","J"],[149.825,-12.261,-198.317,-0.065,0,-0.998,0,1,0,0.998,0,-0.065,-1.043,-43.682,15.966,"S","J"],[149.818,-12.555,-198.211,-0.065,0,-0.998,0,1,0,0.998,0,-0.065,-1.043,-44.978,15.966,"S","J"],[149.811,-12.853,-198.109,-0.065,0,-0.998,0,1,0,0.998,0,-0.065,-1.043,-46.242,15.966,"S","J"],[149.804,-13.195,-197.993,-0.065,0,-0.998,0,1,0,0.998,0,-0.065,-1.043,-47.665,15.966,"S","J"],[149.798,-13.453,-197.908,-0.065,0,-0.998,0,1,0,0.998,0,-0.065,-1.043,-48.704,15.966,"S","J"],[149.79,-13.808,-197.794,-0.065,0,-0.998,0,1,0,0.998,0,-0.065,-1.043,-50.105,15.966,"S","J"],[149.784,-14.112,-197.699,-0.065,0,-0.998,0,1,0,0.998,0,-0.065,-1.043,-51.265,15.966,"S","J"],[149.778,-14.419,-197.605,-0.065,0,-0.998,0,1,0,0.998,0,-0.065,-1.043,-52.424,15.966,"S","J"],[149.77,-14.812,-197.489,-0.065,0,-0.998,0,1,0,0.998,0,-0.065,-1.043,-53.86,15.966,"S","J"],[149.764,-15.149,-197.391,-0.065,0,-0.998,0,1,0,0.998,0,-0.065,-1.043,-55.066,15.966,"S","J"],[149.757,-15.498,-197.291,-0.065,0,-0.998,0,1,0,0.998,0,-0.065,-1.043,-56.292,15.966,"S","J"],[149.752,-15.735,-197.208,-0.065,0,-0.998,0,1,0,0.998,0,-0.065,-1.043,-43.173,15.966,"S","J"],[149.748,-15.795,-197.15,-0.065,0,-0.998,0,1,0,0.998,0,-0.065,-1.043,-18.856,15.966,7,"J"],[149.739,-15.837,-197.01,-0.065,0,-0.998,0,1,0,0.998,0,-0.065,-1.043,-2.296,15.966,"S","J"],[149.735,-15.839,-196.954,-0.065,0,-0.998,0,1,0,0.998,0,-0.065,-1.043,-1.028,15.966,"S","J"],[149.725,-15.842,-196.801,-0.067,0,-0.998,0,1,0,0.998,0,-0.067,-1.043,-0.107,15.966,"S","J"],[149.721,-15.842,-196.739,-0.075,0,-0.997,0,1,0,0.997,0,-0.075,-1.043,-0.048,15.966,"S","J"],[149.714,-15.842,-196.615,-0.108,0,-0.994,0,1,0,0.994,0,-0.108,-1.053,-0.007,15.965,"S","J"],[149.707,-15.842,-196.541,-0.138,0,-0.99,0,1,0,0.99,0,-0.138,-1.164,-0.002,15.957,"S","J"],[149.697,-15.843,-196.431,-0.172,0,-0.985,0,1,0,0.985,0,-0.172,-1.521,-0.268,15.926,"S","J"],[149.687,-15.865,-196.352,-0.226,0,-0.974,0,1,0,0.974,0,-0.226,-2.008,-4.313,15.867,8,"J"],[149.672,-15.9,-196.265,-0.271,0,-0.962,0,1,0,0.962,0,-0.271,-2.666,-6.353,15.764,"S","J"],[149.654,-15.943,-196.173,-0.324,0,-0.946,0,1,0,0.946,0,-0.324,-3.323,-7.705,15.645,"S","J"],[149.618,-16.018,-196.046,-0.392,0,-0.92,0,1,0,0.92,0,-0.392,-4.336,-9.325,15.334,"S","J"],[149.591,-16.074,-195.962,-0.443,0,-0.897,0,1,0,0.897,0,-0.443,-5.126,-10.414,15.075,"S","J"],[149.571,-16.114,-195.909,-0.494,0,-0.869,0,1,0,0.869,0,-0.494,-5.603,-11.113,14.862,"S","J"],[149.532,-16.161,-195.825,-0.54,0,-0.842,0,1,0,0.842,0,-0.54,-6.62,-8.855,14.442,"S","J"],[149.474,-16.179,-195.718,-0.59,0,-0.808,0,1,0,0.808,0,-0.59,-7.712,-1.209,13.965,"S","J"],[149.417,-16.178,-195.622,-0.621,0,-0.784,0,1,0,0.784,0,-0.621,-8.29,0.451,13.649,"S","J"],[149.367,-16.178,-195.55,-0.659,0,-0.752,0,1,0,0.752,0,-0.659,-9.141,-0.137,13.075,"S","J"],[149.326,-16.183,-195.497,-0.677,0,-0.736,0,1,0,0.736,0,-0.677,-9.657,-1.13,12.702,"S","J"],[149.247,-16.13,-195.401,-0.693,0,-0.721,0,1,0,0.721,0,-0.693,-10.243,14.277,12.257,"S","J"],[149.204,-15.897,-195.351,-0.699,0,-0.715,0,1,0,0.715,0,-0.699,-10.243,55.948,12.257,3,"J"],[149.129,-15.511,-195.266,-0.707,0,-0.708,0,1,0,0.708,0,-0.707,-10.611,54.562,11.938,"S","J"],[149.07,-15.218,-195.202,-0.71,0,-0.704,0,1,0,0.704,0,-0.71,-11.041,53.493,11.565,5,"J"],[148.998,-14.886,-195.13,-0.714,0,-0.7,0,1,0,0.7,0,-0.714,-11.227,52.245,11.393,"S","J"],[148.926,-14.557,-195.058,-0.721,0,-0.693,0,1,0,0.693,0,-0.721,-11.339,50.989,11.287,"S","J"],[148.881,-14.36,-195.014,-0.726,0,-0.688,0,1,0,0.688,0,-0.726,-11.379,50.22,11.246,"S","J"],[148.792,-13.982,-194.928,-0.733,0,-0.68,0,1,0,0.68,0,-0.733,-11.514,48.704,11.109,"S","J"],[148.689,-13.559,-194.829,-0.741,0,-0.672,0,1,0,0.672,0,-0.741,-11.632,46.952,10.986,"S","J"],[148.625,-13.307,-194.77,-0.746,0,-0.666,0,1,0,0.666,0,-0.746,-11.704,45.883,10.909,"S","J"],[148.579,-13.132,-194.728,-0.75,0,-0.661,0,1,0,0.661,0,-0.75,-11.783,45.123,10.823,"S","J"],[148.489,-12.8,-194.647,-0.757,0,-0.654,0,1,0,0.654,0,-0.757,-11.913,43.637,10.68,"S","J"],[148.428,-12.584,-194.594,-0.76,0,-0.65,0,1,0,0.65,0,-0.76,-11.981,42.65,10.604,"S","J"],[148.336,-12.269,-194.514,-0.765,0,-0.644,0,1,0,0.644,0,-0.765,-12.087,41.155,10.484,"S","J"],[148.272,-12.057,-194.459,-0.767,0,-0.642,0,1,0,0.642,0,-0.767,-12.181,40.122,10.374,"S","J"],[148.172,-11.737,-194.375,-0.767,0,-0.642,0,1,0,0.642,0,-0.767,-12.25,38.509,10.292,"S","J"],[148.111,-11.55,-194.323,-0.767,0,-0.642,0,1,0,0.642,0,-0.767,-12.262,37.53,10.278,"S","J"],[148.026,-11.296,-194.253,-0.767,0,-0.642,0,1,0,0.642,0,-0.767,-12.266,36.172,10.274,"S","J"],[147.975,-11.149,-194.21,-0.767,0,-0.642,0,1,0,0.642,0,-0.767,-12.267,35.355,10.273,"S","J"],[147.882,-10.893,-194.132,-0.767,0,-0.642,0,1,0,0.642,0,-0.767,-12.267,33.878,10.272,"S","J"],[147.816,-10.715,-194.077,-0.767,0,-0.642,0,1,0,0.642,0,-0.767,-12.267,32.826,10.272,"S","J"],[147.738,-10.514,-194.012,-0.767,0,-0.642,0,1,0,0.642,0,-0.767,-12.267,31.576,10.272,"S","J"],[147.671,-10.345,-193.956,-0.767,0,-0.642,0,1,0,0.642,0,-0.767,-12.267,30.506,10.272,"S","J"],[147.623,-10.228,-193.915,-0.767,0,-0.642,0,1,0,0.642,0,-0.767,-12.267,29.73,10.272,"S","J"],[147.553,-10.066,-193.857,-0.767,0,-0.642,0,1,0,0.642,0,-0.767,-12.267,28.616,10.272,"S","J"],[147.47,-9.877,-193.787,-0.767,0,-0.642,0,1,0,0.642,0,-0.767,-12.267,27.281,10.272,"S","J"],[147.372,-9.672,-193.705,-0.767,0,-0.642,0,1,0,0.642,0,-0.767,-12.267,25.729,10.272,"S","J"],[147.314,-9.552,-193.657,-0.767,0,-0.642,0,1,0,0.642,0,-0.767,-12.267,24.794,10.272,"S","J"],[147.261,-9.448,-193.612,-0.767,0,-0.642,0,1,0,0.642,0,-0.767,-12.267,23.942,10.272,"S","J"],[147.178,-9.294,-193.542,-0.767,0,-0.642,0,1,0,0.642,0,-0.767,-12.267,22.607,10.272,"S","J"],[147.092,-9.142,-193.47,-0.767,0,-0.642,0,1,0,0.642,0,-0.767,-12.267,21.234,10.272,"S","J"],[147.009,-9.009,-193.402,-0.767,0,-0.642,0,1,0,0.642,0,-0.767,-12.267,19.923,10.272,"S","J"],[146.944,-8.907,-193.347,-0.767,0,-0.642,0,1,0,0.642,0,-0.767,-12.267,18.885,10.272,"S","J"],[146.856,-8.78,-193.273,-0.767,0,-0.642,0,1,0,0.642,0,-0.767,-12.267,17.473,10.272,"S","J"],[146.785,-8.683,-193.214,-0.767,0,-0.642,0,1,0,0.642,0,-0.767,-12.267,16.332,10.272,"S","J"],[146.74,-8.626,-193.176,-0.767,0,-0.642,0,1,0,0.642,0,-0.767,-12.267,15.616,10.272,"S","J"],[146.658,-8.53,-193.107,-0.767,0,-0.642,0,1,0,0.642,0,-0.767,-12.267,14.294,10.272,"S","J"],[146.535,-8.4,-193.005,-0.767,0,-0.642,0,1,0,0.642,0,-0.767,-12.267,12.337,10.272,"S","J"],[146.485,-8.353,-192.962,-0.767,0,-0.642,0,1,0,0.642,0,-0.767,-12.267,11.53,10.272,"S","J"],[146.425,-8.301,-192.912,-0.767,0,-0.642,0,1,0,0.642,0,-0.767,-12.267,10.58,10.272,"S","J"],[146.327,-8.226,-192.831,-0.767,0,-0.642,0,1,0,0.642,0,-0.767,-12.267,9.008,10.272,"S","J"],[146.268,-8.187,-192.781,-0.767,0,-0.642,0,1,0,0.642,0,-0.767,-12.267,8.062,10.272,"S","J"],[146.172,-8.133,-192.7,-0.767,0,-0.642,0,1,0,0.642,0,-0.767,-12.267,6.529,10.272,"S","J"],[146.12,-8.109,-192.657,-0.767,0,-0.642,0,1,0,0.642,0,-0.767,-12.267,5.698,10.272,"S","J"],[146.018,-8.073,-192.572,-0.767,0,-0.642,0,1,0,0.642,0,-0.767,-12.267,4.07,10.272,"S","J"],[145.966,-8.058,-192.528,-0.767,0,-0.642,0,1,0,0.642,0,-0.767,-12.267,3.227,10.272,"S","J"],[145.861,-8.041,-192.439,-0.767,0,-0.642,0,1,0,0.642,0,-0.767,-12.267,1.549,10.272,"S","J"],[145.804,-8.037,-192.393,-0.767,0,-0.642,0,1,0,0.642,0,-0.767,-12.267,0.653,10.272,"S","J"],[145.719,-8.042,-192.321,-0.767,0,-0.642,0,1,0,0.642,0,-0.767,-12.267,-0.716,10.272,"S","J"],[145.651,-8.049,-192.264,-0.767,0,-0.642,0,1,0,0.642,0,-0.767,-12.267,-1.804,10.272,"S","J"],[145.564,-8.071,-192.192,-0.765,0,-0.644,0,1,0,0.644,0,-0.765,-12.267,-3.193,10.272,"S","J"],[145.497,-8.093,-192.135,-0.765,0,-0.645,0,1,0,0.645,0,-0.765,-12.267,-4.275,10.272,"S","J"],[145.453,-8.112,-192.099,-0.765,0,-0.645,0,1,0,0.645,0,-0.765,-12.25,-4.969,10.292,"S","J"],[145.343,-8.168,-192.006,-0.762,0,-0.647,0,1,0,0.647,0,-0.762,-12.235,-6.729,10.31,"S","J"],[145.257,-8.224,-191.933,-0.76,0,-0.65,0,1,0,0.65,0,-0.76,-12.224,-8.112,10.323,"S","J"],[145.206,-8.261,-191.89,-0.76,0,-0.65,0,1,0,0.65,0,-0.76,-12.209,-8.937,10.341,"S","J"],[145.149,-8.305,-191.842,-0.76,0,-0.65,0,1,0,0.65,0,-0.76,-12.186,-9.843,10.368,"S","J"],[145.033,-8.412,-191.743,-0.758,0,-0.652,0,1,0,0.652,0,-0.758,-12.168,-11.719,10.39,"S","J"],[144.999,-8.447,-191.714,-0.758,0,-0.652,0,1,0,0.652,0,-0.758,-12.167,-12.266,10.391,"S","J"],[144.93,-8.523,-191.654,-0.758,0,-0.652,0,1,0,0.652,0,-0.758,-12.144,-13.383,10.418,"S","J"],[144.866,-8.598,-191.6,-0.757,0,-0.654,0,1,0,0.654,0,-0.757,-12.138,-14.407,10.426,"S","J"],[144.78,-8.708,-191.526,-0.756,0,-0.654,0,1,0,0.654,0,-0.756,-12.133,-15.796,10.431,"S","J"],[144.7,-8.819,-191.457,-0.756,0,-0.654,0,1,0,0.654,0,-0.756,-12.118,-17.104,10.447,"S","J"],[144.658,-8.88,-191.421,-0.755,0,-0.656,0,1,0,0.656,0,-0.755,-12.106,-17.777,10.461,"S","J"],[144.586,-8.995,-191.358,-0.754,0,-0.657,0,1,0,0.657,0,-0.754,-12.1,-18.955,10.468,"S","J"],[144.493,-9.15,-191.277,-0.754,0,-0.657,0,1,0,0.657,0,-0.754,-12.087,-20.467,10.484,"S","J"],[144.41,-9.296,-191.206,-0.753,0,-0.658,0,1,0,0.658,0,-0.753,-12.067,-21.806,10.507,"S","J"],[144.323,-9.462,-191.13,-0.752,0,-0.659,0,1,0,0.659,0,-0.752,-12.064,-23.219,10.51,"S","J"],[144.251,-9.607,-191.066,-0.752,0,-0.659,0,1,0,0.659,0,-0.752,-12.051,-24.4,10.525,"S","J"],[144.225,-9.659,-191.044,-0.752,0,-0.659,0,1,0,0.659,0,-0.752,-12.041,-24.814,10.536,"S","J"],[144.108,-9.916,-190.94,-0.752,0,-0.659,0,1,0,0.659,0,-0.752,-12.031,-26.733,10.548,"S","J"],[144.047,-10.056,-190.887,-0.751,0,-0.66,0,1,0,0.66,0,-0.751,-12.03,-27.723,10.549,"S","J"],[143.957,-10.27,-190.809,-0.75,0,-0.662,0,1,0,0.662,0,-0.75,-12.029,-29.189,10.55,"S","J"],[143.893,-10.43,-190.753,-0.748,0,-0.664,0,1,0,0.664,0,-0.748,-12.014,-30.232,10.