[[141.506,-4.4,-242.09,0.998,0,-0.055,0,1,0,0.055,0,0.998,-15.976,0,-0.876,8,0],[141.411,-4.4,-242.095,0.998,0,-0.055,0,1,0,0.055,0,0.998,"v","S","J"],[141.322,-4.4,-242.1,0.998,0,-0.055,0,1,0,0.055,0,0.998,"v","S","J"],[141.267,-4.4,-242.103,0.998,0,-0.055,0,1,0,0.055,0,0.998,"v","S","J"],[141.112,-4.4,-242.111,0.998,0,-0.055,0,1,0,0.055,0,0.998,"v","S","J"],[141.065,-4.4,-242.114,0.998,0,-0.055,0,1,0,0.055,0,0.998,"v","S","J"],[140.932,-4.4,-242.121,0.998,0,-0.055,0,1,0,0.055,0,0.998,"v","S","J"],[140.857,-4.4,-242.126,0.998,0,-0.055,0,1,0,0.055,0,0.998,"v","S","J"],[140.776,-4.4,-242.13,0.998,0,-0.055,0,1,0,0.055,0,0.998,"v","S","J"],[140.64,-4.4,-242.138,0.998,0,-0.055,0,1,0,0.055,0,0.998,"v","S","J"],[140.598,-4.4,-242.139,0.998,0,-0.055,0,1,0,0.055,0,0.998,"v","S","J"],[140.467,-4.4,-242.147,0.998,0,-0.055,0,1,0,0.055,0,0.998,"v","S","J"],[140.369,-4.4,-242.152,0.998,0,-0.055,0,1,0,0.055,0,0.998,"v","S","J"],[140.308,-4.4,-242.156,0.998,0,-0.055,0,1,0,0.055,0,0.998,"v","S","J"],[140.168,-4.4,-242.163,0.998,0,-0.055,0,1,0,0.055,0,0.998,"v","S","J"],[140.089,-4.4,-242.168,0.998,0,-0.055,0,1,0,0.055,0,0.998,"v","S","J"],[139.994,-4.4,-242.173,0.998,0,-0.055,0,1,0,0.055,0,0.998,"v","S","J"],[139.905,-4.4,-242.178,0.998,0,-0.055,0,1,0,0.055,0,0.998,"v","S","J"],[139.767,-4.4,-242.185,0.998,0,-0.055,0,1,0,0.055,0,0.998,"v","S","J"],[139.706,-4.4,-242.189,0.998,0,-0.055,0,1,0,0.055,0,0.998,"v","S","J"],[139.591,-4.4,-242.195,0.998,0,-0.055,0,1,0,0.055,0,0.998,"v","S","J"],[139.523,-4.4,-242.199,0.998,0,-0.055,0,1,0,0.055,0,0.998,"v","S","J"],[139.39,-4.4,-242.206,0.998,0,-0.055,0,1,0,0.055,0,0.998,"v","S","J"],[139.305,-4.4,-242.211,0.998,0,-0.055,0,1,0,0.055,0,0.998,"v","S","J"],[139.19,-4.4,-242.217,0.998,0,-0.055,0,1,0,0.055,0,0.998,"v","S","J"],[139.131,-4.4,-242.219,0.998,0,-0.055,0,1,0,0.055,0,0.998,"v","S","J"],[139.029,-4.4,-242.225,0.998,0,-0.055,0,1,0,0.055,0,0.998,"v","S","J"],[138.937,-4.4,-242.23,0.998,0,-0.055,0,1,0,0.055,0,0.998,"v","S","J"],[138.793,-4.4,-242.239,0.998,0,-0.055,0,1,0,0.055,0,0.998,"v","S","J"],[138.724,-4.4,-242.242,0.998,0,-0.055,0,1,0,0.055,0,0.998,"v","S","J"],[138.658,-4.4,-242.246,0.998,0,-0.055,0,1,0,0.055,0,0.998,"v","S","J"],[138.547,-4.4,-242.252,0.998,0,-0.055,0,1,0,0.055,0,0.998,"v","S","J"],[138.459,-4.4,-242.257,0.998,0,-0.055,0,1,0,0.055,0,0.998,"v","S","J"],[138.315,-4.4,-242.264,0.998,0,-0.055,0,1,0,0.055,0,0.998,"v","S","J"],[138.259,-4.4,-242.268,0.998,0,-0.055,0,1,0,0.055,0,0.998,"v","S","J"],[138.194,-4.4,-242.271,0.998,0,-0.055,0,1,0,0.055,0,0.998,"v","S","J"],[138.063,-4.409,-242.278,0.998,0,-0.055,0,1,0,0.055,0,0.998,-15.976,-1.532,-0.876,"S","J"],[137.918,-4.435,-242.286,0.998,0,-0.055,0,1,0,0.055,0,0.998,-15.976,-3.325,-0.876,"S","J"],[137.845,-4.452,-242.291,0.998,0,-0.055,0,1,0,0.055,0,0.998,-15.976,-3.869,-0.876,"S","J"],[137.779,-4.458,-242.294,0.998,0,-0.055,0,1,0,0.055,0,0.998,-15.976,-2.362,-0.876,"S","J"],[137.677,-4.465,-242.3,0.998,0,-0.055,0,1,0,0.055,0,0.998,-15.976,-0.605,-0.876,"S","J"],[137.539,-4.465,-242.307,0.998,0,-0.055,0,1,0,0.055,0,0.998,-15.976,0.126,-0.876,"S","J"],[137.465,-4.464,-242.311,0.998,0,-0.055,0,1,0,0.055,0,0.998,-15.976,0.291,-0.876,"S","J"],[137.348,-4.462,-242.317,0.998,0,-0.055,0,1,0,0.055,0,0.998,-15.976,0.341,-0.876,"S","J"],[137.271,-4.46,-242.322,0.998,0,-0.055,0,1,0,0.055,0,0.998,-15.976,0.334,-0.876,"S","J"],[137.185,-4.458,-242.326,0.998,0,-0.055,0,1,0,0.055,0,0.998,-15.976,0.304,-0.876,"S","J"],[137.054,-4.456,-242.333,0.998,0,-0.055,0,1,0,0.055,0,0.998,-15.976,0.244,-0.876,"S","J"],[136.987,-4.455,-242.337,0.998,0,-0.055,0,1,0,0.055,0,0.998,-15.976,0.215,-0.876,"S","J"],[136.899,-4.455,-242.342,0.998,0,-0.055,0,1,0,0.055,0,0.998,-15.976,0.181,-0.876,"S","J"],[136.804,-4.453,-242.347,0.998,0,-0.055,0,1,0,0.055,0,0.998,-15.976,0.147,-0.876,"S","J"],[136.716,-4.453,-242.352,0.998,0,-0.055,0,1,0,0.055,0,0.998,-15.976,0.121,-0.876,"S","J"],[136.578,-4.452,-242.36,0.998,0,-0.055,0,1,0,0.055,0,0.998,-15.976,0.09,-0.876,"S","J"],[136.517,-4.452,-242.363,0.998,0,-0.055,0,1,0,0.055,0,0.998,-15.976,0.078,-0.876,"S","J"],[136.378,-4.451,-242.371,0.998,0,-0.055,0,1,0,0.055,0,0.998,-15.976,0.056,-0.876,"S","J"],[136.34,-4.451,-242.373,0.998,0,-0.055,0,1,0,0.055,0,0.998,-15.976,0.052,-0.876,"S","J"],[136.205,-4.451,-242.38,0.998,0,-0.055,0,1,0,0.055,0,0.998,-15.976,0.038,-0.876,"S","J"],[136.098,-4.45,-242.386,0.998,0,-0.055,0,1,0,0.055,0,0.998,-15.976,0.03,-0.876,"S","J"],[136.012,-4.45,-242.391,0.998,0,-0.055,0,1,0,0.055,0,0.998,-15.976,0.025,-0.876,"S","J"],[135.936,-4.45,-242.395,0.998,0,-0.055,0,1,0,0.055,0,0.998,-15.976,0.021,-0.876,"S","J"],[135.816,-4.45,-242.401,0.998,0,-0.055,0,1,0,0.055,0,0.998,-15.976,0.016,-0.876,"S","J"],[135.727,-4.45,-242.406,0.998,0,-0.055,0,1,0,0.055,0,0.998,-15.976,0.013,-0.876,"S","J"],[135.644,-4.45,-242.411,0.998,0,-0.055,0,1,0,0.055,0,0.998,-15.976,0.011,-0.876,"S","J"],[135.561,-4.45,-242.415,0.998,0,-0.055,0,1,0,0.055,0,0.998,-15.976,0.009,-0.876,"S","J"],[135.462,-4.45,-242.421,0.998,0,-0.055,0,1,0,0.055,0,0.998,-15.976,0.007,-0.876,"S","J"],[135.362,-4.45,-242.426,0.998,0,-0.055,0,1,0,0.055,0,0.998,-15.976,0.006,-0.876,"S","J"],[135.262,-4.45,-242.432,0.998,0,-0.055,0,1,0,0.055,0,0.998,-15.976,0.004,-0.876,"S","J"],[135.131,-4.45,-242.439,0.998,0,-0.055,0,1,0,0.055,0,0.998,-15.976,0.003,-0.876,"S","J"],[135.073,-4.45,-242.442,0.998,0,-0.055,0,1,0,0.055,0,0.998,-15.976,0.003,-0.876,"S","J"],[134.996,-4.45,-242.447,0.998,0,-0.058,0,1,0,0.058,0,0.998,-15.974,0.006,-0.904,"S","J"],[134.911,-4.45,-242.452,0.998,0,-0.058,0,1,0,0.058,0,0.998,-15.974,0.008,-0.918,"S","J"],[134.787,-4.45,-242.458,0.998,0,-0.058,0,1,0,0.058,0,0.998,-15.973,0.008,-0.922,"S","J"],[134.73,-4.45,-242.462,0.998,0,-0.058,0,1,0,0.058,0,0.998,-15.973,0.008,-0.923,"S","J"],[134.588,-4.45,-242.47,0.998,0,-0.058,0,1,0,0.058,0,0.998,-15.973,0.006,-0.923,"S","J"],[134.514,-4.45,-242.475,0.998,0,-0.058,0,1,0,0.058,0,0.998,-15.973,0.006,-0.923,"S","J"],[134.41,-4.45,-242.48,0.998,0,-0.058,0,1,0,0.058,0,0.998,-15.973,0.005,-0.923,"S","J"],[134.301,-4.45,-242.487,0.998,0,-0.058,0,1,0,0.058,0,0.998,-15.973,0.004,-0.923,"S","J"],[134.253,-4.45,-242.489,0.998,0,-0.058,0,1,0,0.058,0,0.998,-15.973,0.003,-0.923,"S","J"],[134.108,-4.45,-242.498,0.998,0,-0.058,0,1,0,0.058,0,0.998,-15.973,0.002,-0.923,"S","J"],[134.006,-4.45,-242.504,0.998,0,-0.058,0,1,0,0.058,0,0.998,-15.973,0.002,-0.923,"S","J"],[133.899,-4.45,-242.51,0.998,0,-0.058,0,1,0,0.058,0,0.998,-15.973,0.001,-0.923,"S","J"],[133.854,-4.45,-242.512,0.998,0,-0.058,0,1,0,0.058,0,0.998,"v","S","J"],[133.734,-4.45,-242.52,0.998,0,-0.058,0,1,0,0.058,0,0.998,"v","S","J"],[133.642,-4.45,-242.525,0.998,0,-0.058,0,1,0,0.058,0,0.998,"v","S","J"],[133.555,-4.45,-242.529,0.998,0,-0.058,0,1,0,0.058,0,0.998,"v","S","J"],[133.43,-4.45,-242.537,0.998,0,-0.058,0,1,0,0.058,0,0.998,-15.973,0.001,-0.923,"S","J"],[133.33,-4.45,-242.543,0.998,0,-0.058,0,1,0,0.058,0,0.998,-15.973,0,-0.923,"S","J"],[133.228,-4.45,-242.549,0.998,0,-0.058,0,1,0,0.058,0,0.998,"v","S","J"],[133.137,-4.45,-242.554,0.998,0,-0.058,0,1,0,0.058,0,0.998,"v","S","J"],[133.034,-4.45,-242.56,0.998,0,-0.058,0,1,0,0.058,0,0.998,"v","S","J"],[132.926,-4.45,-242.566,0.998,0,-0.058,0,1,0,0.058,0,0.998,"v","S","J"],[132.852,-4.45,-242.571,0.998,0,-0.058,0,1,0,0.058,0,0.998,"v","S","J"],[132.756,-4.45,-242.576,0.998,0,-0.058,0,1,0,0.058,0,0.998,"v","S","J"],[132.658,-4.45,-242.581,0.998,0,-0.058,0,1,0,0.058,0,0.998,"v","S","J"],[132.582,-4.45,-242.586,0.998,0,-0.058,0,1,0,0.058,0,0.998,"v","S","J"],[132.506,-4.45,-242.59,0.998,0,-0.058,0,1,0,0.058,0,0.998,"v","S","J"],[132.365,-4.45,-242.599,0.998,0,-0.058,0,1,0,0.058,0,0.998,"v","S","J"],[132.251,-4.45,-242.605,0.998,0,-0.058,0,1,0,0.058,0,0.998,"v","S","J"],[132.176,-4.45,-242.609,0.998,0,-0.058,0,1,0,0.058,0,0.998,"v","S","J"],[132.082,-4.45,-242.615,0.998,0,-0.058,0,1,0,0.058,0,0.998,"v","S","J"],[131.978,-4.45,-242.621,0.998,0,-0.058,0,1,0,0.058,0,0.998,"v","S","J"],[131.883,-4.45,-242.626,0.998,0,-0.058,0,1,0,0.058,0,0.998,"v","S","J"],[131.81,-4.45,-242.63,0.998,0,-0.058,0,1,0,0.058,0,0.998,"v","S","J"],[131.668,-4.45,-242.639,0.998,0,-0.058,0,1,0,0.058,0,0.998,"v","S","J"],[131.6,-4.45,-242.643,0.998,0,-0.058,0,1,0,0.058,0,0.998,"v","S","J"],[131.543,-4.45,-242.646,0.998,0,-0.058,0,1,0,0.058,0,0.998,"v","S","J"],[131.404,-4.45,-242.654,0.998,0,-0.058,0,1,0,0.058,0,0.998,"v","S","J"],[131.336,-4.45,-242.658,0.998,0,-0.058,0,1,0,0.058,0,0.998,"v","S","J"],[131.206,-4.45,-242.666,0.998,0,-0.058,0,1,0,0.058,0,0.998,"v","S","J"],[131.137,-4.45,-242.67,0.998,0,-0.058,0,1,0,0.058,0,0.998,"v","S","J"],[131.054,-4.45,-242.675,0.998,0,-0.057,0,1,0,0.057,0,0.998,-15.973,0.005,-0.92,"S","J"],[130.942,-4.45,-242.68,0.998,0,-0.057,0,1,0,0.057,0,0.998,-15.974,0.008,-0.918,"S","J"],[130.81,-4.45,-242.688,0.998,0,-0.057,0,1,0,0.057,0,0.998,-15.974,0.008,-0.918,"S","J"],[130.741,-4.45,-242.692,0.998,0,-0.057,0,1,0,0.057,0,0.998,-15.974,0.007,-0.918,"S","J"],[130.614,-4.45,-242.7,0.998,0,-0.057,0,1,0,0.057,0,0.998,-15.974,0.006,-0.918,"S","J"],[130.531,-4.45,-242.704,0.998,0,-0.057,0,1,0,0.057,0,0.998,-15.974,0.005,-0.918,"S","J"],[130.475,-4.45,-242.707,0.998,0,-0.057,0,1,0,0.057,0,0.998,-15.974,0.004,-0.918,"S","J"],[130.369,-4.45,-242.714,0.998,0,-0.057,0,1,0,0.057,0,0.998,-15.974,0.003,-0.918,"S","J"],[130.266,-4.45,-242.72,0.998,0,-0.057,0,1,0,0.057,0,0.998,-15.974,0.003,-0.918,"S","J"],[130.135,-4.45,-242.727,0.999,0,-0.054,0,1,0,0.054,0,0.999,-15.974,0.002,-0.918,"S","J"],[130.077,-4.45,-242.73,1,0,-0.024,0,1,0,0.024,0,1,-15.974,0.002,-0.918,"S","J"],[129.95,-4.45,-242.737,1,0,0.015,0,1,0,-0.015,0,1,-15.982,0.002,-0.692,"S","J"],[129.853,-4.45,-242.739,0.999,0,0.041,0,1,0,-0.041,0,0.999,-15.995,0.001,-0.315,"S","J"],[129.776,-4.45,-242.738,0.996,0,0.09,0,1,0,-0.09,0,0.996,-15.997,0.001,0,"S","J"],[129.688,-4.45,-242.736,0.992,0,0.124,0,1,0,-0.124,0,0.992,-15.994,0.001,0.33,"S","J"],[129.602,-4.45,-242.732,0.978,0,0.207,0,1,0,-0.207,0,0.978,-15.967,0.001,0.94,"S","J"],[129.5,-4.45,-242.719,0.964,0,0.266,0,1,0,-0.266,0,0.964,-15.842,0.001,2.056,"S","J"],[129.407,-4.45,-242.701,0.949,0,0.315,0,1,0,-0.315,0,0.949,-15.686,0,3.079,"S","J"],[129.323,-4.45,-242.681,0.929,0,0.371,0,1,0,-0.371,0,0.929,-15.53,0,3.786,"S","J"],[129.202,-4.45,-242.644,0.91,0,0.416,0,1,0,-0.416,0,0.91,-15.205,0,4.945,"S","J"],[129.151,-4.45,-242.625,0.894,0,0.448,0,1,0,-0.448,0,0.894,-15.028,0,5.457,"S","J"],[129.047,-4.45,-242.581,0.882,0,0.471,0,1,0,-0.471,0,0.882,-14.713,0,6.256,"S","J"],[128.91,-4.45,-242.515,0.869,0,0.494,0,1,0,-0.494,0,0.869,-14.357,0,7.052,"S","J"],[128.849,-4.45,-242.484,0.863,0,0.506,0,1,0,-0.506,0,0.863,-14.186,0,7.39,"S","J"],[128.791,-4.45,-242.451,0.859,0,0.512,0,1,0,-0.512,0,0.859,-14.014,0,7.713,"S","J"],[128.696,-4.45,-242.397,0.859,0,0.512,0,1,0,-0.512,0,0.859,-13.865,0,7.981,"S","J"],[128.618,-4.45,-242.351,0.857,0,0.515,0,1,0,-0.515,0,0.857,-13.779,0,8.131,"S","J"],[128.545,-4.45,-242.308,0.857,0,0.515,0,1,0,-0.515,0,0.857,-13.754,0,8.175,"S","J"],[128.437,-4.45,-242.243,0.857,0,0.515,0,1,0,-0.515,0,0.857,-13.724,0,8.225,"S","J"],[128.371,-4.45,-242.204,0.857,0,0.515,0,1,0,-0.515,0,0.857,-13.721,0,8.23,"S","J"],[128.265,-4.45,-242.139,0.857,0,0.515,0,1,0,-0.515,0,0.857,-13.719,0,8.233,"S","J"],[128.213,-4.45,-242.108,0.857,0,0.515,0,1,0,-0.515,0,0.857,"v","S","J"],[128.08,-4.45,-242.029,0.857,0,0.515,0,1,0,-0.515,0,0.857,"v","S","J"],[128.032,-4.45,-242,0.857,0,0.515,0,1,0,-0.515,0,0.857,"v","S","J"],[127.942,-4.45,-241.946,0.857,0,0.515,0,1,0,-0.515,0,0.857,"v","S","J"],[127.85,-4.45,-241.89,0.857,0,0.515,0,1,0,-0.515,0,0.857,"v","S","J"],[127.808,-4.45,-241.865,0.857,0,0.515,0,1,0,-0.515,0,0.857,"v","S","J"],[127.693,-4.45,-241.796,0.857,0,0.515,0,1,0,-0.515,0,0.857,-13.72,0.001,8.231,"S","J"],[127.607,-4.45,-241.745,0.859,0,0.513,0,1,0,-0.513,0,0.859,-13.732,0.006,8.212,"S","J"],[127.521,-4.45,-241.693,0.859,0,0.513,0,1,0,-0.513,0,0.859,-13.735,0.008,8.206,"S","J"],[127.414,-4.45,-241.629,0.859,0,0.513,0,1,0,-0.513,0,0.859,-13.736,0.007,8.205,"S","J"],[127.353,-4.45,-241.593,0.859,0,0.513,0,1,0,-0.513,0,0.859,-13.736,0.028,8.205,"S","J"],[127.263,-4.446,-241.54,0.859,0,0.513,0,1,0,-0.513,0,0.859,-13.736,0.548,8.205,"S","J"],[127.171,-4.438,-241.484,0.859,0,0.513,0,1,0,-0.513,0,0.859,-13.736,1.326,8.205,"S","J"],[127.104,-4.429,-241.444,0.859,0,0.513,0,1,0,-0.513,0,0.859,-13.736,1.862,8.205,"S","J"],[127.04,-4.42,-241.406,0.859,0,0.513,0,1,0,-0.513,0,0.859,-13.736,1.972,8.205,"S","J"],[126.932,-4.405,-241.341,0.859,0,0.513,0,1,0,-0.513,0,0.859,-13.736,1.853,8.205,"S","J"],[126.838,-4.394,-241.286,0.859,0,0.513,0,1,0,-0.513,0,0.859,-13.736,1.581,8.205,"S","J"],[126.758,-4.386,-241.238,0.859,0,0.513,0,1,0,-0.513,0,0.859,-13.736,1.339,8.205,"S","J"],[126.684,-4.38,-241.193,0.859,0,0.513,0,1,0,-0.513,0,0.859,-13.736,1.133,8.205,"S","J"],[126.56,-4.372,-241.119,0.859,0,0.513,0,1,0,-0.513,0,0.859,-13.736,0.837,8.205,"S","J"],[126.477,-4.367,-241.07,0.859,0,0.513,0,1,0,-0.513,0,0.859,-13.736,0.675,8.205,"S","J"],[126.43,-4.365,-241.042,0.859,0,0.513,0,1,0,-0.513,0,0.859,-13.736,0.597,8.205,"S","J"],[126.36,-4.362,-241,0.859,0,0.513,0,1,0,-0.513,0,0.859,-13.736,0.501,8.205,"S","J"],[126.249,-4.359,-240.934,0.859,0,0.513,0,1,0,-0.513,0,0.859,-13.736,0.374,8.205,"S","J"],[126.13,-4.357,-240.863,0.859,0,0.513,0,1,0,-0.513,0,0.859,-13.736,0.273,8.205,"S","J"],[126.072,-4.356,-240.829,0.859,0,0.513,0,1,0,-0.513,0,0.859,-13.736,0.234,8.205,"S","J"],[125.988,-4.355,-240.778,0.859,0,0.513,0,1,0,-0.513,0,0.859,-13.736,0.189,8.205,"S","J"],[125.906,-4.354,-240.728,0.859,0,0.513,0,1,0,-0.513,0,0.859,-13.736,0.15,8.205,"S","J"],[125.828,-4.353,-240.682,0.859,0,0.513,0,1,0,-0.513,0,0.859,-13.736,0.123,8.205,"S","J"],[125.745,-4.352,-240.633,0.859,0,0.513,0,1,0,-0.513,0,0.859,-13.736,0.098,8.205,"S","J"],[125.696,-4.352,-240.604,0.859,0,0.513,0,1,0,-0.513,0,0.859,-13.736,0.086,8.205,"S","J"],[125.605,-4.352,-240.549,0.859,0,0.513,0,1,0,-0.513,0,0.859,-13.736,0.068,8.205,"S","J"],[125.524,-4.351,-240.501,0.859,0,0.513,0,1,0,-0.513,0,0.859,-13.736,0.055,8.205,"S","J"],[125.446,-4.351,-240.454,0.859,0,0.513,0,1,0,-0.513,0,0.859,-13.736,0.045,8.205,"S","J"],[125.349,-4.351,-240.397,0.859,0,0.513,0,1,0,-0.513,0,0.859,-13.736,0.035,8.205,"S","J"],[125.273,-4.351,-240.351,0.859,0,0.513,0,1,0,-0.513,0,0.859,-13.736,0.028,8.205,"S","J"],[125.204,-4.354,-240.31,0.859,0,0.513,0,1,0,-0.513,0,0.859,-13.736,-0.488,8.205,"S","J"],[125.09,-4.368,-240.242,0.859,0,0.513,0,1,0,-0.513,0,0.859,-13.736,-2.11,8.205,"S","J"],[124.987,-4.391,-240.18,0.859,0,0.513,0,1,0,-0.513,0,0.859,-13.736,-3.591,8.205,"S","J"],[124.929,-4.41,-240.145,0.859,0,0.513,0,1,0,-0.513,0,0.859,-13.736,-4.41,8.205,"S","J"],[124.828,-4.451,-240.085,0.859,0,0.513,0,1,0,-0.513,0,0.859,-13.736,-5.853,8.205,"S","J"],[124.748,-4.491,-240.038,0.859,0,0.513,0,1,0,-0.513,0,0.859,-13.736,-7.003,8.205,"S","J"],[124.675,-4.534,-239.994,0.859,0,0.513,0,1,0,-0.513,0,0.859,-13.736,-8.041,8.205,"S","J"],[124.595,-4.585,-239.946,0.859,0,0.513,0,1,0,-0.513,0,0.859,-13.736,-9.187,8.205,"S","J"],[124.503,-4.655,-239.891,0.859,0,0.513,0,1,0,-0.513,0,0.859,-13.736,-10.501,8.205,"S","J"],[124.413,-4.729,-239.838,0.859,0,0.513,0,1,0,-0.513,0,0.859,-13.736,-11.779,8.205,"S","J"],[124.356,-4.782,-239.803,0.859,0,0.513,0,1,0,-0.513,0,0.859,-13.736,-12.599,8.205,"S","J"],[124.28,-4.857,-239.758,0.859,0,0.513,0,1,0,-0.513,0,0.859,-13.736,-13.678,8.205,"S","J"],[124.197,-4.946,-239.708,0.859,0,0.513,0,1,0,-0.513,0,0.859,-13.736,-14.875,8.205,"S","J"],[124.081,-5.081,-239.64,0.859,0,0.513,0,1,0,-0.513,0,0.859,-13.61,-16.525,8.13,"S","J"],[124.013,-5.029,-239.599,0.859,0,0.513,0,1,0,-0.513,0,0.859,-13.224,-0.211,7.899,"S","J"],[123.913,-4.628,-239.539,0.856,0,0.516,0,1,0,-0.516,0,0.856,-13.318,52.753,7.962,3,"J"],[123.877,-4.493,-239.518,0.852,0,0.524,0,1,0,-0.524,0,0.852,-13.51,52.244,8.091,5,"J"],[123.744,-3.996,-239.438,0.821,0,0.572,0,1,0,-0.572,0,0.821,-13.698,50.326,8.217,"S","J"],[123.664,-3.71,-239.39,0.796,0,0.606,0,1,0,-0.606,0,0.796,-13.713,49.187,8.227,"S","J"],[123.585,-3.43,-239.342,0.768,0,0.64,0,1,0,-0.64,0,0.768,-13.719,48.054,8.231,"S","J"],[123.488,-3.099,-239.284,0.731,0,0.682,0,1,0,-0.682,0,0.731,-13.719,46.661,8.232,"S","J"],[123.414,-2.853,-239.24,0.701,0,0.713,0,1,0,-0.713,0,0.701,-13.72,45.609,8.232,"S","J"],[123.357,-2.665,-239.206,0.677,0,0.736,0,1,0,-0.736,0,0.677,-13.72,44.791,8.232,"S","J"],[123.267,-2.378,-239.152,0.638,0,0.77,0,1,0,-0.77,0,0.638,-13.72,43.499,8.232,"S","J"],[123.176,-2.098,-239.097,0.596,0,0.803,0,1,0,-0.803,0,0.596,-13.72,42.206,8.232,"S","J"],[123.103,-1.878,-239.053,0.562,0,0.827,0,1,0,-0.827,0,0.562,-13.72,41.155,8.232,"S","J"],[123.012,-1.613,-238.999,0.517,0,0.856,0,1,0,-0.856,0,0.517,-13.72,39.866,8.232,"S","J"],[122.949,-1.433,-238.961,0.485,0,0.874,0,1,0,-0.874,0,0.485,-13.72,38.955,8.232,"S","J"],[122.831,-1.108,-238.89,0.424,0,0.906,0,1,0,-0.906,0,0.424,-13.72,37.271,8.232,"S","J"],[122.774,-0.957,-238.856,0.394,0,0.919,0,1,0,-0.919,0,0.394,-13.72,36.455,8.232,"S","J"],[122.692,-0.748,-238.807,0.352,0,0.936,0,1,0,-0.936,0,0.352,-13.72,35.291,8.232,"S","J"],[122.587,-0.485,-238.744,0.298,0,0.955,0,1,0,-0.955,0,0.298,-13.72,33.787,8.232,"S","J"],[122.52,-0.325,-238.704,0.264,0,0.964,0,1,0,-0.964,0,0.264,-13.72,32.826,8.232,"S","J"],[122.42,-0.092,-238.643,0.216,0,0.976,0,1,0,-0.976,0,0.216,-13.72,31.388,8.232,"S","J"],[122.367,0.026,-238.612,0.192,0,0.981,0,1,0,-0.981,0,0.192,-13.72,30.633,8.232,"S","J"],[122.257,0.261,-238.546,0.143,0,0.99,0,1,0,-0.99,0,0.143,-13.72,29.067,8.232,"S","J"],[122.171,0.437,-238.494,0.107,0,0.994,0,1,0,-0.994,0,0.107,-13.72,27.836,8.232,"S","J"],[122.084,0.607,-238.442,0.072,0,0.997,0,1,0,-0.997,0,0.072,-13.72,26.589,8.232,"S","J"],[122.017,0.731,-238.402,0.047,0,0.999,0,1,0,-0.999,0,0.047,-13.72,25.639,8.232,"S","J"],[121.909,0.925,-238.337,0.009,0,1,0,1,0,-1,0,0.009,-13.72,24.088,8.232,"S","J"],[121.842,1.038,-238.297,-0.014,0,1,0,1,0,-1,0,-0.014,-13.72,23.131,8.232,"S","J"],[121.797,1.112,-238.269,-0.029,0,1,0,1,0,-1,0,-0.029,-13.72,22.475,8.232,"S","J"],[121.702,1.261,-238.212,-0.059,0,0.998,0,1,0,-0.998,0,-0.059,-13.72,21.127,8.232,"S","J"],[121.589,1.426,-238.145,-0.092,0,0.996,0,1,0,-0.996,0,-0.092,-13.72,19.506,8.232,"S","J"],[121.516,1.523,-238.101,-0.113,0,0.994,0,1,0,-0.994,0,-0.113,-13.72,18.468,8.232,"S","J"],[121.436,1.626,-238.053,-0.134,0,0.991,0,1,0,-0.991,0,-0.134,-13.72,17.31,8.232,"S","J"],[121.361,1.715,-238.008,-0.152,0,0.988,0,1,0,-0.988,0,-0.152,-13.72,16.247,8.232,"S","J"],[121.273,1.811,-237.955,-0.172,0,0.985,0,1,0,-0.985,0,-0.172,-13.72,14.994,8.232,"S","J"],[121.179,1.907,-237.899,-0.194,0,0.981,0,1,0,-0.981,0,-0.194,-13.72,13.651,8.232,"S","J"],[121.118,1.964,-237.862,-0.206,0,0.978,0,1,0,-0.978,0,-0.206,-13.72,12.771,8.232,"S","J"],[121,2.064,-237.792,-0.23,0,0.973,0,1,0,-0.973,0,-0.23,-13.72,11.093,8.232,"S","J"],[120.948,2.103,-237.76,-0.24,0,0.971,0,1,0,-0.971,0,-0.24,-13.72,10.346,8.232,"S","J"],[120.839,2.176,-237.695,-0.259,0,0.966,0,1,0,-0.966,0,-0.259,-13.719,8.789,8.233,"S","J"],[120.769,2.216,-237.653,-0.271,0,0.963,0,1,0,-0.963,0,-0.271,-13.709,7.784,8.251,"S","J"],[120.7,2.25,-237.611,-0.281,0,0.96,0,1,0,-0.96,0,-0.281,-13.705,6.786,8.256,"S","J"],[120.586,2.297,-237.542,-0.299,0,0.954,0,1,0,-0.954,0,-0.299,-13.704,5.157,8.258,"S","J"],[120.526,2.315,-237.506,-0.307,0,0.952,0,1,0,-0.952,0,-0.307,-13.704,4.302,8.258,"S","J"],[120.437,2.337,-237.453,-0.319,0,0.948,0,1,0,-0.948,0,-0.319,-13.704,3.03,8.259,"S","J"],[120.353,2.349,-237.402,-0.33,0,0.944,0,1,0,-0.944,0,-0.33,-13.704,1.821,8.259,"S","J"],[120.25,2.355,-237.34,-0.342,0,0.94,0,1,0,-0.94,0,-0.342,-13.704,0.344,8.259,"S","J"],[120.195,2.352,-237.307,-0.348,0,0.937,0,1,0,-0.937,0,-0.348,-13.704,-0.439,8.259,"S","J"],[120.074,2.338,-237.234,-0.361,0,0.933,0,1,0,-0.933,0,-0.361,-13.704,-2.179,8.259,"S","J"],[120.025,2.327,-237.205,-0.366,0,0.931,0,1,0,-0.931,0,-0.366,-13.704,-2.866,8.259,"S","J"],[119.968,2.312,-237.171,-0.372,0,0.928,0,1,0,-0.928,0,-0.372,-13.704,-3.674,8.259,"S","J"],[119.848,2.268,-237.098,-0.382,0,0.924,0,1,0,-0.924,0,-0.382,-13.704,-5.405,8.259,"S","J"],[119.764,2.228,-237.048,-0.389,0,0.921,0,1,0,-0.921,0,-0.389,-13.704,-6.6,8.259,"S","J"],[119.674,2.178,-236.993,-0.397,0,0.918,0,1,0,-0.918,0,-0.397,-13.704,-7.902,8.259,"S","J"],[119.578,2.115,-236.935,-0.405,0,0.914,0,1,0,-0.914,0,-0.405,-13.704,-9.277,8.259,"S","J"],[119.53,2.08,-236.907,-0.408,0,0.913,0,1,0,-0.913,0,-0.408,-13.704,-9.959,8.259,"S","J"],[119.435,2.003,-236.849,-0.414,0,0.91,0,1,0,-0.91,0,-0.414,-13.696,-11.322,8.272,"S","J"],[119.35,1.928,-236.797,-0.42,0,0.908,0,1,0,-0.908,0,-0.42,-13.68,-12.54,8.298,"S","J"],[119.284,1.862,-236.757,-0.424,0,0.906,0,1,0,-0.906,0,-0.424,-13.674,-13.493,8.308,"S","J"],[119.17,1.739,-236.687,-0.431,0,0.902,0,1,0,-0.902,0,-0.431,-13.653,-15.123,8.343,"S","J"],[119.076,1.626,-236.629,-0.437,0,0.9,0,1,0,-0.9,0,-0.437,-13.639,-16.478,8.366,"S","J"],[119.002,1.534,-236.584,-0.441,0,0.898,0,1,0,-0.898,0,-0.441,-13.621,-17.533,8.395,"S","J"],[118.918,1.418,-236.532,-0.445,0,0.895,0,1,0,-0.895,0,-0.445,-13.603,-18.752,8.424,"S","J"],[118.83,1.291,-236.478,-0.45,0,0.893,0,1,0,-0.893,0,-0.45,-13.59,-20.017,8.444,"S","J"],[118.774,1.205,-236.443,-0.453,0,0.892,0,1,0,-0.892,0,-0.453,-13.57,-20.832,8.476,"S","J"],[118.721,1.12,-236.409,-0.455,0,0.891,0,1,0,-0.891,0,-0.455,-13.552,-21.596,8.504,"S","J"],[118.591,0.898,-236.327,-0.461,0,0.887,0,1,0,-0.887,0,-0.461,-13.541,-23.486,8.523,"S","J"],[118.504,0.741,-236.272,-0.465,0,0.885,0,1,0,-0.885,0,-0.465,-13.538,-24.752,8.528,"S","J"],[118.456,0.653,-236.243,-0.468,0,0.884,0,1,0,-0.884,0,-0.468,-13.523,-25.43,8.551,"S","J"],[118.367,0.476,-236.186,-0.471,0,0.882,0,1,0,-0.882,0,-0.471,-13.514,-26.733,8.565,"S","J"],[118.243,0.218,-236.107,-0.476,0,0.879,0,1,0,-0.879,0,-0.476,-13.502,-28.536,8.585,"S","J"],[118.157,0.031,-236.052,-0.48,0,0.877,0,1,0,-0.877,0,-0.48,-13.483,-29.784,8.614,"S","J"],[118.109,-0.075,-236.022,-0.482,0,0.876,0,1,0,-0.876,0,-0.482,-13.481,-30.467,8.617,"S","J"],[118.029,-0.265,-235.971,-0.485,0,0.874,0,1,0,-0.874,0,-0.485,-13.48,-31.644,8.619,"S","J"],[117.932,-0.5,-235.909,-0.488,0,0.873,0,1,0,-0.873,0,-0.488,-13.48,-33.059,8.62,"S","J"],[117.86,-0.682,-235.863,-0.49,0,0.872,0,1,0,-0.872,0,-0.49,-13.48,-34.103,8.62,"S","J"],[117.753,-0.959,-235.795,-0.494,0,0.87,0,1,0,-0.87,0,-0.494,-13.48,-35.652,8.62,"S","J"],[117.71,-1.078,-235.767,-0.495,0,0.869,0,1,0,-0.869,0,-0.495,-13.48,-36.289,8.62,"S","J"],[117.604,-1.372,-235.699,-0.498,0,0.867,0,1,0,-0.867,0,-0.498,-13.48,-37.835,8.62,"S","J"],[117.524,-1.603,-235.648,-0.5,0,0.866,0,1,0,-0.866,0,-0.5,-13.48,-39,8.62,"S","J"],[117.454,-1.81,-235.603,-0.502,0,0.865,0,1,0,-0.865,0,-0.502,-13.48,-40.009,8.62,"S","J"],[117.369,-2.067,-235.549,-0.504,0,0.864,0,1,0,-0.864,0,-0.504,-13.48,-41.246,8.62,"S","J"],[117.286,-2.329,-235.496,-0.506,0,0.863,0,1,0,-0.863,0,-0.506,-13.48,-42.458,8.62,"S","J"],[117.205,-2.554,-235.444,-0.507,0,0.862,0,1,0,-0.862,0,-0.507,-13.48,-34.875,8.62,"S","J"],[117.116,-2.493,-235.388,-0.509,0,0.861,0,1,0,-0.861,0,-0.509,-13.48,8.567,8.62,7,"J"],[117.035,-2.347,-235.336,-0.51,0,0.86,0,1,0,-0.86,0,-0.51,-13.48,29.085,8.62,"S","J"],[116.967,-2.182,-235.292,-0.512,0,0.859,0,1,0,-0.859,0,-0.512,-13.48,32.298,8.62,"S","J"],[116.861,-1.932,-235.224,-0.513,0,0.858,0,1,0,-0.858,0,-0.513,-13.48,30.962,8.62,"S","J"],[116.799,-1.804,-235.184,-0.514,0,0.858,0,1,0,-0.858,0,-0.514,-13.48,28.095,8.62,"S","J"],[116.707,-1.635,-235.126,-0.516,0,0.857,0,1,0,-0.857,0,-0.516,-13.48,23.448,8.62,"S","J"],[116.634,-1.528,-235.079,-0.517,0,0.856,0,1,0,-0.856,0,-0.517,-13.48,19.889,8.62,"S","J"],[116.54,-1.41,-235.019,-0.518,0,0.855,0,1,0,-0.855,0,-0.518,-13.48,15.749,8.62,"S","J"],[116.484,-1.353,-234.983,-0.519,0,0.855,0,1,0,-0.855,0,-0.519,-13.48,13.659,8.62,8,"J"],[116.406,-1.289,-234.934,-0.52,0,0.854,0,1,0,-0.854,0,-0.52,-13.48,11.242,8.62,"S","J"],[116.315,-1.224,-234.875,-0.521,0,0.854,0,1,0,-0.854,0,-0.521,-13.48,8.798,8.62,"S","J"],[116.259,-1.193,-234.839,-0.522,0,0.853,0,1,0,-0.853,0,-0.522,-13.479,7.569,8.621,"S","J"],[116.169,-1.153,-234.781,-0.523,0,0.852,0,1,0,-0.852,0,-0.523,-13.469,6.087,8.636,"S","J"],[116.038,-1.106,-234.697,-0.524,0,0.852,0,1,0,-0.852,0,-0.524,-13.465,4.422,8.642,"S","J"],[116.011,-1.099,-234.68,-0.524,0,0.851,0,1,0,-0.851,0,-0.524,-13.465,4.164,8.642,"S","J"],[115.876,-1.069,-234.594,-0.526,0,0.851,0,1,0,-0.851,0,-0.526,-13.465,2.982,8.643,"S","J"],[115.813,-1.058,-234.553,-0.526,0,0.85,0,1,0,-0.85,0,-0.526,-13.465,2.501,8.643,"S","J"],[115.759,-1.05,-234.518,-0.527,0,0.85,0,1,0,-0.85,0,-0.527,-13.465,2.188,8.643,"S","J"],[115.655,-1.038,-234.452,-0.527,0,0.85,0,1,0,-0.85,0,-0.527,-13.465,1.65,8.643,"S","J"],[115.523,-1.026,-234.366,-0.529,0,0.849,0,1,0,-0.849,0,-0.529,-13.465,1.147,8.643,"S","J"],[115.477,-1.022,-234.337,-0.529,0,0.849,0,1,0,-0.849,0,-0.529,-13.465,1,8.643,"S","J"],[115.392,-1.018,-234.283,-0.53,0,0.848,0,1,0,-0.848,0,-0.53,-13.465,0.8,8.643,"S","J"],[115.287,-1.013,-234.215,-0.53,0,0.848,0,1,0,-0.848,0,-0.53,-13.465,0.597,8.643,"S","J"],[115.179,-1.01,-234.146,-0.531,0,0.847,0,1,0,-0.847,0,-0.531,-13.465,0.443,8.643,"S","J"],[115.092,-1.008,-234.09,-0.531,0,0.847,0,1,0,-0.847,0,-0.531,-13.465,0.348,8.643,"S","J"],[115.028,-1.006,-234.049,-0.532,0,0.847,0,1,0,-0.847,0,-0.532,-13.465,0.288,8.643,"S","J"],[114.996,-1.005,-234.029,-0.532,0,0.847,0,1,0,-0.847,0,-0.532,-13.465,0.266,8.643,"S","J"],[114.888,-1.004,-233.96,-0.532,0,0.847,0,1,0,-0.847,0,-0.532,-13.465,0.197,8.643,"S","J"],[114.773,-1.003,-233.886,-0.533,0,0.846,0,1,0,-0.846,0,-0.533,-13.465,0.143,8.643,"S","J"],[114.691,-1.002,-233.833,-0.533,0,0.846,0,1,0,-0.846,0,-0.533,-13.465,0.113,8.643,"S","J"],[114.65,-1.002,-233.807,-0.533,0,0.846,0,1,0,-0.846,0,-0.533,-13.465,0.102,8.643,"S","J"],[114.548,-1.001,-233.741,-0.534,0,0.846,0,1,0,-0.846,0,-0.534,-13.465,0.077,8.643,"S","J"],[114.458,-1.001,-233.683,-0.534,0,0.845,0,1,0,-0.845,0,-0.534,-13.465,0.06,8.643,"S","J"],[114.373,-1.001,-233.629,-0.535,0,0.845,0,1,0,-0.845,0,-0.535,-13.465,0.047,8.643,"S","J"],[114.324,-1.001,-233.598,-0.535,0,0.845,0,1,0,-0.845,0,-0.535,-13.458,0.041,8.653,"S","J"],[114.232,-1,-233.537,-0.535,0,0.845,0,1,0,-0.845,0,-0.535,-13.433,0.031,8.692,"S","J"],[114.131,-1,-233.471,-0.536,0,0.844,0,1,0,-0.844,0,-0.536,-13.363,0.024,8.799,"S","J"],[114.104,-1,-233.452,-0.537,0,0.844,0,1,0,-0.844,0,-0.537,-13.329,0.022,8.85,"S","J"],[113.994,-1,-233.377,-0.539,0,0.843,0,1,0,-0.843,0,-0.539,-13.197,0.016,9.045,"S","J"],[113.85,-1,-233.275,-0.542,0,0.841,0,1,0,-0.841,0,-0.542,-13.036,0.011,9.276,"S","J"],[113.803,-1,-233.242,-0.543,0,0.84,0,1,0,-0.84,0,-0.543,-12.984,0.009,9.349,"S","J"],[113.789,-1,-233.231,-0.544,0,0.839,0,1,0,-0.839,0,-0.544,-12.942,0.009,9.405,"S","J"],[113.699,-1,-233.161,-0.548,0,0.837,0,1,0,-0.837,0,-0.548,-12.673,0.007,9.764,"S","J"],[113.594,-1,-233.076,-0.554,0,0.833,0,1,0,-0.833,0,-0.554,-12.43,0.005,10.073,"S","J"],[113.581,-1,-233.064,-0.555,0,0.832,0,1,0,-0.832,0,-0.555,-12.33,0.005,10.186,"S","J"],[113.482,-1,-232.97,-0.564,0,0.826,0,1,0,-0.826,0,-0.564,-11.626,0.004,10.982,"S","J"],[113.389,-1,-232.876,-0.575,0,0.818,0,1,0,-0.818,0,-0.575,-11.241,0.003,11.38,"S","J"],[113.313,-1,-232.793,-0.585,0,0.811,0,1,0,-0.811,0,-0.585,-10.785,0.002,11.815,"S","J"],["s","v","S","J"],[113.222,-1,-232.666,-0.605,0,0.796,0,1,0,-0.796,0,-0.605,-9.263,0.001,13.022,"S","J"],[113.153,-1,-232.554,-0.624,0,0.781,0,1,0,-0.781,0,-0.624,-8.421,0.001,13.592,"S","J"],[113.099,-1,-232.458,-0.641,0,0.768,0,1,0,-0.768,0,-0.641,-7.807,0.001,13.961,"S","J"],[113.089,-1,-232.435,-0.645,0,0.764,0,1,0,-0.764,0,-0.645,-7.57,0.001,14.078,"S","J"],[113.039,-1,-232.321,-0.667,0,0.745,0,1,0,-0.745,0,-0.667,-6.405,0.001,14.648,"S","J"],[113.003,-1,-232.229,-0.684,0,0.729,0,1,0,-0.729,0,-0.684,-5.864,0,14.877,"S","J"],[112.996,-1,-232.21,-0.688,0,0.726,0,1,0,-0.726,0,-0.688,-5.752,0,14.925,"S","J"],[112.964,-1,-232.107,-0.708,0,0.707,0,1,0,-0.707,0,-0.708,-5.05,0,15.173,"S","J"],[112.928,-1,-231.99,-0.729,0,0.685,0,1,0,-0.685,0,-0.729,-4.641,0,15.309,"S","J"],[112.881,-1,-231.827,-0.756,0,0.655,0,1,0,-0.655,0,-0.756,-4.371,0,15.391,"S","J"],[112.879,-1,-231.821,-0.757,0,0.654,0,1,0,-0.654,0,-0.757,-4.368,0,15.392,"S","J"],[112.844,-1,-231.693,-0.776,0,0.631,0,1,0,-0.631,0,-0.776,-4.303,0,15.411,"S","J"],[112.814,-1,-231.584,-0.791,0,0.612,0,1,0,-0.612,0,-0.791,-4.294,0,15.413,"S","J"],[112.809,-1,-231.565,-0.793,0,0.609,0,1,0,-0.609,0,-0.793,-4.293,0,15.413,"S","J"],[112.773,-1,-231.437,-0.808,0,0.589,0,1,0,-0.589,0,-0.808,-4.292,0,15.414,"S","J"],[112.732,-1,-231.293,-0.824,0,0.566,0,1,0,-0.566,0,-0.824,-4.292,0,15.414,"S","J"],[112.704,-1,-231.189,-0.834,0,0.552,0,1,0,-0.552,0,-0.834,-4.291,0,15.414,"S","J"],[112.691,-1,-231.145,-0.838,0,0.545,0,1,0,-0.545,0,-0.838,-4.291,0,15.414,"S","J"],[112.663,-1,-231.041,-0.847,0,0.531,0,1,0,-0.531,0,-0.847,-4.295,0.001,15.413,"S","J"],[112.632,-1,-230.931,-0.856,0,0.516,0,1,0,-0.516,0,-0.856,-4.327,0.007,15.403,"S","J"],[112.601,-0.632,-230.82,-0.865,0,0.502,0,1,0,-0.502,0,-0.865,-4.328,44.171,15.403,"S","J"],[112.573,-0.293,-230.72,-0.872,0,0.489,0,1,0,-0.489,0,-0.872,-4.332,51.996,15.402,3,"J"],[112.543,0.057,-230.615,-0.879,0,0.477,0,1,0,-0.477,0,-0.879,-4.334,50.652,15.402,5,"J"],[112.513,0.408,-230.505,-0.885,0,0.465,0,1,0,-0.465,0,-0.885,-4.335,49.259,15.402,"S","J"],[112.485,0.711,-230.409,-0.89,0,0.455,0,1,0,-0.455,0,-0.89,-4.335,48.028,15.402,"S","J"],[112.465,0.922,-230.34,-0.894,0,0.448,0,1,0,-0.448,0,-0.894,-4.335,47.148,15.402,"S","J"],[112.435,1.241,-230.234,-0.899,0,0.438,0,1,0,-0.438,0,-0.899,-4.335,45.789,15.402,"S","J"],[112.415,1.448,-230.162,-0.902,0,0.432,0,1,0,-0.432,0,-0.902,-4.335,44.891,15.402,"S","J"],[112.377,1.838,-230.025,-0.907,0,0.421,0,1,0,-0.421,0,-0.907,-4.335,43.133,15.402,"S","J"],[112.358,2.02,-229.959,-0.91,0,0.415,0,1,0,-0.415,0,-0.91,-4.335,42.29,15.402,"S","J"],[112.331,2.276,-229.863,-0.913,0,0.408,0,1,0,-0.408,0,-0.913,-4.335,41.068,15.402,"S","J"],[112.304,2.529,-229.765,-0.916,0,0.401,0,1,0,-0.401,0,-0.916,-4.335,39.835,15.402,"S","J"],[112.272,2.813,-229.652,-0.92,0,0.393,0,1,0,-0.393,0,-0.92,-4.335,38.392,15.402,"S","J"],[112.249,3.013,-229.57,-0.922,0,0.387,0,1,0,-0.387,0,-0.922,-4.335,37.342,15.402,"S","J"],[112.214,3.305,-229.446,-0.925,0,0.38,0,1,0,-0.38,0,-0.925,-4.335,35.76,15.402,"S","J"],[112.193,3.481,-229.368,-0.927,0,0.375,0,1,0,-0.375,0,-0.927,-4.335,34.766,15.402,"S","J"],[112.182,3.567,-229.329,-0.928,0,0.373,0,1,0,-0.373,0,-0.928,-4.335,34.276,15.402,"S","J"],[112.163,3.711,-229.263,-0.929,0,0.369,0,1,0,-0.369,0,-0.929,-4.321,33.434,15.406,"S","J"],[112.128,3.976,-229.136,-0.932,0,0.363,0,1,0,-0.363,0,-0.932,-4.312,31.815,15.408,"S","J"],[112.105,4.137,-229.056,-0.933,0,0.359,0,1,0,-0.359,0,-0.933,-4.311,30.797,15.408,"S","J"],[112.086,4.268,-228.988,-0.935,0,0.355,0,1,0,-0.355,0,-0.935,-4.311,29.933,15.408,"S","J"],[112.048,4.518,-228.854,-0.937,0,0.349,0,1,0,-0.349,0,-0.937,-4.311,28.223,15.408,"S","J"],[112.024,4.67,-228.768,-0.938,0,0.346,0,1,0,-0.346,0,-0.938,-4.311,27.129,15.408,"S","J"],[112.003,4.8,-228.692,-0.94,0,0.342,0,1,0,-0.342,0,-0.94,-4.311,26.164,15.408,"S","J"],[111.964,5.025,-228.553,-0.941,0,0.337,0,1,0,-0.337,0,-0.941,-4.311,24.39,15.408,"S","J"],[111.943,5.139,-228.477,-0.942,0,0.335,0,1,0,-0.335,0,-0.942,-4.338,23.432,15.4,"S","J"],[111.934,5.187,-228.445,-0.943,0,0.334,0,1,0,-0.334,0,-0.943,-4.416,23.021,15.378,"S","J"],[111.906,5.318,-228.353,-0.944,0,0.331,0,1,0,-0.331,0,-0.944,-4.619,21.838,15.318,"S","J"],[111.875,5.454,-228.254,-0.944,0,0.329,0,1,0,-0.329,0,-0.944,-4.757,20.565,15.276,"S","J"],[111.83,5.635,-228.111,-0.945,0,0.326,0,1,0,-0.326,0,-0.945,-4.821,18.725,15.257,"S","J"],[111.81,5.712,-228.044,-0.945,0,0.326,0,1,0,-0.326,0,-0.945,-4.829,17.875,15.254,"S","J"],[111.77,5.848,-227.921,-0.946,0,0.324,0,1,0,-0.324,0,-0.946,-4.873,16.283,15.24,"S","J"],[111.744,5.931,-227.839,-0.946,0,0.323,0,1,0,-0.323,0,-0.946,-4.88,15.225,15.238,"S","J"],[111.729,5.974,-227.793,-0.946,0,0.323,0,1,0,-0.323,0,-0.946,-4.882,14.639,15.237,"S","J"],[111.69,6.081,-227.672,-0.947,0,0.321,0,1,0,-0.321,0,-0.947,-4.882,13.079,15.237,"S","J"],[111.668,6.136,-227.603,-0.947,0,0.321,0,1,0,-0.321,0,-0.947,-4.883,12.19,15.237,"S","J"],[111.629,6.224,-227.481,-0.947,0,0.32,0,1,0,-0.32,0,-0.947,-4.883,10.614,15.237,"S","J"],[111.607,6.269,-227.412,-0.948,0,0.319,0,1,0,-0.319,0,-0.948,-4.883,9.731,15.237,"S","J"],[111.573,6.328,-227.305,-0.948,0,0.318,0,1,0,-0.318,0,-0.948,-4.883,8.365,15.237,"S","J"],[111.549,6.365,-227.231,-0.948,0,0.318,0,1,0,-0.318,0,-0.948,-4.883,7.408,15.237,"S","J"],[111.52,6.403,-227.141,-0.948,0,0.317,0,1,0,-0.317,0,-0.948,-4.915,6.251,15.227,"S","J"],[111.485,6.44,-227.032,-0.948,0,0.317,0,1,0,-0.317,0,-0.948,-4.929,4.843,15.222,"S","J"],[111.463,6.457,-226.967,-0.949,0,0.316,0,1,0,-0.316,0,-0.949,-4.96,4,15.212,"S","J"],[111.422,6.48,-226.842,-0.949,0,0.316,0,1,0,-0.316,0,-0.949,-5.019,2.392,15.192,"S","J"],[111.4,6.487,-226.775,-0.949,0,0.316,0,1,0,-0.316,0,-0.949,-5.028,1.527,15.189,"S","J"],[111.357,6.489,-226.647,-0.949,0,0.316,0,1,0,-0.316,0,-0.949,-5.074,-0.144,15.174,"S","J"],[111.336,6.485,-226.583,-0.949,0,0.316,0,1,0,-0.316,0,-0.949,-5.078,-0.96,15.173,"S","J"],[111.309,6.475,-226.503,-0.949,0,0.316,0,1,0,-0.316,0,-0.949,-5.113,-1.995,15.161,"S","J"],[111.281,6.458,-226.419,-0.949,0,0.316,0,1,0,-0.316,0,-0.949,-5.125,-3.084,15.157,"S","J"],[111.24,6.424,-226.3,-0.949,0,0.317,0,1,0,-0.317,0,-0.949,-5.129,-4.629,15.155,"S","J"],[111.206,6.387,-226.198,-0.948,0,0.317,0,1,0,-0.317,0,-0.948,-5.131,-5.947,15.155,"S","J"],[111.174,6.343,-226.104,-0.948,0,0.317,0,1,0,-0.317,0,-0.948,-5.131,-7.164,15.155,"S","J"],[111.147,6.301,-226.023,-0.948,0,0.317,0,1,0,-0.317,0,-0.948,-5.131,-8.204,15.155,"S","J"],[111.128,6.269,-225.97,-0.948,0,0.317,0,1,0,-0.317,0,-0.948,-5.131,-8.898,15.155,"S","J"],[111.092,6.197,-225.863,-0.948,0,0.317,0,1,0,-0.317,0,-0.948,-5.131,-10.288,15.155,"S","J"],[111.054,6.112,-225.75,-0.948,0,0.318,0,1,0,-0.318,0,-0.948,-5.156,-11.746,15.147,"S","J"],[111.023,6.037,-225.66,-0.948,0,0.318,0,1,0,-0.318,0,-0.948,-5.176,-12.916,15.14,"S","J"],[110.996,5.968,-225.582,-0.948,0,0.318,0,1,0,-0.318,0,-0.948,-5.179,-13.913,15.138,"S","J"],[110.956,5.848,-225.464,-0.948,0,0.319,0,1,0,-0.319,0,-0.948,-5.18,-15.447,15.138,"S","J"],[110.933,5.776,-225.397,-0.948,0,0.319,0,1,0,-0.319,0,-0.948,-5.18,-16.326,15.138,"S","J"],[110.898,5.658,-225.295,-0.948,0,0.319,0,1,0,-0.319,0,-0.948,-5.18,-17.647,15.138,"S","J"],[110.873,5.569,-225.221,-0.948,0,0.319,0,1,0,-0.319,0,-0.948,-5.18,-18.6,15.138,"S","J"],[110.846,5.467,-225.142,-0.948,0,0.319,0,1,0,-0.319,0,-0.948,-5.18,-19.627,15.138,"S","J"],[110.805,5.302,-225.023,-0.948,0,0.32,0,1,0,-0.32,0,-0.948,-5.18,-21.174,15.138,"S","J"],[110.777,5.184,-224.941,-0.947,0,0.32,0,1,0,-0.32,0,-0.947,-5.18,-22.23,15.138,"S","J"],[110.745,5.038,-224.846,-0.947,0,0.32,0,1,0,-0.32,0,-0.947,-5.18,-23.454,15.138,"S","J"],[110.715,4.9,-224.76,-0.947,0,0.32,0,1,0,-0.32,0,-0.947,-5.18,-24.57,15.138,"S","J"],[110.678,4.714,-224.651,-0.947,0,0.32,0,1,0,-0.32,0,-0.947,-5.18,-25.987,15.138,"S","J"],[110.638,4.508,-224.537,-0.947,0,0.321,0,1,0,-0.321,0,-0.947,-5.198,-27.471,15.132,"S","J"],[110.607,4.338,-224.446,-0.947,0,0.321,0,1,0,-0.321,0,-0.947,-5.26,-28.646,15.111,"S","J"],[110.557,4.057,-224.304,0.332,0,0.943,0,1,0,-0.943,0,0.332,-5.3,-30.485,15.097,"S","J"],[110.523,3.854,-224.207,0.334,0,0.943,0,1,0,-0.943,0,0.334,-5.305,-31.75,15.095,"S","J"],[110.48,3.591,-224.087,0.335,0,0.942,0,1,0,-0.942,0,0.335,-5.306,-33.315,15.095,"S","J"],[110.453,3.418,-224.011,0.335,0,0.942,0,1,0,-0.942,0,0.335,-5.331,-34.309,15.086,"S","J"],[110.398,3.044,-223.852,0.336,0,0.942,0,1,0,-0.942,0,0.336,-5.353,-36.365,15.078,"S","J"],[110.368,2.835,-223.769,0.338,0,0.941,0,1,0,-0.941,0,0.338,-5.354,-37.453,15.078,"S","J"],[110.331,2.573,-223.666,0.338,0,0.941,0,1,0,-0.941,0,0.338,-5.364,-38.792,15.074,"S","J"],[110.321,2.499,-223.638,0.338,0,0.941,0,1,0,-0.941,0,0.338,-5.378,-39.162,15.069,"S","J"],[110.27,2.113,-223.494,0.338,0,0.941,0,1,0,-0.941,0,0.338,-5.402,-41.031,15.061,"S","J"],[110.254,1.989,-223.449,0.338,0,0.941,0,1,0,-0.941,0,0.338,-5.403,-41.615,15.06,"S","J"],[110.217,1.694,-223.346,0.338,0,0.941,0,1,0,-0.941,0,0.338,-5.404,-42.963,15.06,"S","J"],[110.176,1.369,-223.234,0.339,0,0.941,0,1,0,-0.941,0,0.339,-5.404,-44.418,15.06,"S","J"],[110.161,1.235,-223.189,0.341,0,0.94,0,1,0,-0.94,0,0.341,-5.404,-45.002,15.06,"S","J"],[110.109,0.792,-223.045,0.341,0,0.94,0,1,0,-0.94,0,0.341,-5.41,-46.874,15.058,"S","J"],[110.096,0.677,-223.008,0.341,0,0.94,0,1,0,-0.94,0,0.341,-5.428,-47.352,15.052,"S","J"],[110.065,0.409,-222.926,0.341,0,0.94,0,1,0,-0.94,0,0.341,-5.448,-48.437,15.044,"S","J"],[110.025,0.052,-222.818,0.342,0,0.94,0,1,0,-0.94,0,0.342,-5.463,-49.852,15.039,"S","J"],[109.99,-0.286,-222.718,0.342,0,0.94,0,1,0,-0.94,0,0.342,-5.466,-51.149,15.037,"S","J"],[109.95,-0.664,-222.609,0.342,0,0.94,0,1,0,-0.94,0,0.342,-5.468,-52.573,15.037,"S","J"],[109.936,-0.801,-222.57,0.342,0,0.94,0,1,0,-0.94,0,0.342,-5.468,-53.078,15.037,"S","J"],[109.885,-1.308,-222.43,0.342,0,0.94,0,1,0,-0.94,0,0.342,-5.468,-54.908,15.037,"S","J"],[109.862,-1.538,-222.368,0.342,0,0.94,0,1,0,-0.94,0,0.342,-5.468,-55.718,15.037,"S","J"],[109.817,-1.638,-222.245,0.342,0,0.94,0,1,0,-0.94,0,0.342,-5.468,-4.038,15.037,7,"J"],[109.801,-1.615,-222.199,0.342,0,0.94,0,1,0,-0.94,0,0.342,-5.468,5.273,15.037,"S","J"],[109.757,-1.496,-222.08,0.342,0,0.94,0,1,0,-0.94,0,0.342,-5.468,15.617,15.037,"S","J"],[109.721,-1.381,-221.98,0.342,0,0.94,0,1,0,-0.94,0,0.342,-5.468,17.622,15.037,"S","J"],[109.712,-1.353,-221.955,0.342,0,0.94,0,1,0,-0.94,0,0.342,-5.468,17.345,15.037,"S","J"],[109.67,-1.232,-221.837,0.342,0,0.94,0,1,0,-0.94,0,0.342,-5.468,15.032,15.037,"S","J"],[109.613,-1.104,-221.684,0.342,0,0.94,0,1,0,-0.94,0,0.342,-5.468,11.358,15.037,"S","J"],[109.591,-1.054,-221.619,0.342,0,0.94,0,1,0,-0.94,0,0.342,-5.468,11.472,15.037,"S","J"],[109.528,-0.834,-221.449,0.342,0,0.94,0,1,0,-0.94,0,0.342,-5.468,22.132,15.037,8,"J"],[109.494,-0.54,-221.355,0.342,0,0.94,0,1,0,-0.94,0,0.342,-5.468,46.748,15.037,3,"J"],[109.46,-0.255,-221.26,0.342,0,0.94,0,1,0,-0.94,0,0.342,-5.468,45.521,15.037,5,"J"],[109.426,0.019,-221.169,0.342,0,0.94,0,1,0,-0.94,0,0.342,-5.468,44.321,15.037,"S","J"],[109.402,0.21,-221.102,0.342,0,0.94,0,1,0,-0.94,0,0.342,-5.468,43.456,15.037,"S","J"],[109.363,0.513,-220.995,0.342,0,0.94,0,1,0,-0.94,0,0.342,-5.468,42.054,15.037,"S","J"],[109.335,0.725,-220.917,0.342,0,0.94,0,1,0,-0.94,0,0.342,-5.468,41.042,15.037,"S","J"],[109.31,0.905,-220.85,0.342,0,0.94,0,1,0,-0.94,0,0.342,-5.468,40.165,15.037,"S","J"],[109.266,1.221,-220.728,0.342,0,0.94,0,1,0,-0.94,0,0.342,-5.468,38.575,15.037,"S","J"],[109.241,1.396,-220.658,0.342,0,0.94,0,1,0,-0.94,0,0.342,-5.468,37.659,15.037,"S","J"],[109.194,1.709,-220.529,0.342,0,0.94,0,1,0,-0.94,0,0.342,-5.468,35.978,15.037,"S","J"],[109.167,1.881,-220.455,0.342,0,0.94,0,1,0,-0.94,0,0.342,-5.468,35.012,15.037,"S","J"],[109.138,2.061,-220.376,0.342,0,0.94,0,1,0,-0.94,0,0.342,-5.468,33.982,15.037,"S","J"],[109.096,2.312,-220.261,0.342,0,0.94,0,1,0,-0.94,0,0.342,-5.468,32.475,15.037,"S","J"],[109.055,2.551,-220.147,0.342,0,0.94,0,1,0,-0.94,0,0.342,-5.468,30.983,15.037,"S","J"],[109.037,2.647,-220.099,0.342,0,0.94,0,1,0,-0.94,0,0.342,-5.468,30.358,15.037,"S","J"],[108.998,2.858,-219.989,0.342,0,0.94,0,1,0,-0.94,0,0.342,-5.468,28.933,15.037,"S","J"],[108.961,3.047,-219.888,0.342,0,0.94,0,1,0,-0.94,0,0.342,-5.468,27.616,15.037,"S","J"],[108.925,3.221,-219.789,0.342,0,0.94,0,1,0,-0.94,0,0.342,-5.468,26.321,15.037,"S","J"],[108.881,3.426,-219.667,0.342,0,0.94,0,1,0,-0.94,0,0.342,-5.468,24.728,15.037,"S","J"],[108.852,3.55,-219.589,0.342,0,0.94,0,1,0,-0.94,0,0.342,-5.468,23.701,15.037,"S","J"],[108.774,3.862,-219.375,0.342,0,0.94,0,1,0,-0.94,0,0.342,-5.468,20.912,15.037,"S","J"],[108.748,3.957,-219.303,0.342,0,0.94,0,1,0,-0.94,0,0.342,-5.468,19.982,15.037,"S","J"],[108.701,4.116,-219.174,0.342,0,0.94,0,1,0,-0.94,0,0.342,-5.468,18.298,15.037,"S","J"],[108.675,4.201,-219.102,0.342,0,0.94,0,1,0,-