[[142.996,-4.4,-242.018,0.96,0,0.281,0,1,0,-0.281,0,0.96,0,0,0,8,0],[142.996,-4.4,-242.018,0.96,0,0.281,0,1,0,-0.281,0,0.96,0,0,0,"S","J"],[142.996,-4.4,-242.018,0.96,0,0.281,0,1,0,-0.281,0,0.96,0,0,0,"S","J"],[142.996,-4.4,-242.018,0.96,0,0.281,0,1,0,-0.281,0,0.96,0,0,0,"S","J"],[142.996,-4.4,-242.018,0.96,0,0.281,0,1,0,-0.281,0,0.96,0,0,0,"S","J"],["s","v","S","J"],[142.996,-4.4,-242.018,0.96,0,0.281,0,1,0,-0.281,0,0.96,0,0,0,"S","J"],[142.996,-4.4,-242.018,0.96,0,0.281,0,1,0,-0.281,0,0.96,0,0,0,"S","J"],[142.996,-4.4,-242.018,0.96,0,0.281,0,1,0,-0.281,0,0.96,0,0,0,"S","J"],["s","v","S","J"],[142.996,-4.4,-242.018,0.96,0,0.281,0,1,0,-0.281,0,0.96,0,0,0,"S","J"],[142.996,-4.4,-242.018,0.96,0,0.281,0,1,0,-0.281,0,0.96,0,0,0,"S","J"],[0,-3.4028234663852887e38,0,1,0,0,0,1,0,0,0,1,0,0,0,"S","J"],[142.765,-4.4,-242.021,0.998,0,-0.055,0,1,0,0.055,0,0.998,-13.127,0,-0.72,"S","J"],[142.696,-4.4,-242.025,0.998,0,-0.055,0,1,0,0.055,0,0.998,-14.933,0,-0.819,"S","J"],[142.61,-4.4,-242.029,0.998,0,-0.055,0,1,0,0.055,0,0.998,-15.595,0,-0.855,"S","J"],[142.519,-4.4,-242.034,0.998,0,-0.055,0,1,0,0.055,0,0.998,-15.907,0,-0.873,"S","J"],[142.415,-4.4,-242.04,0.998,0,-0.055,0,1,0,0.055,0,0.998,-15.954,0,-0.875,"S","J"],[142.337,-4.4,-242.044,0.998,0,-0.055,0,1,0,0.055,0,0.998,-15.971,0,-0.876,"S","J"],[142.249,-4.4,-242.049,0.998,0,-0.055,0,1,0,0.055,0,0.998,-15.975,0,-0.876,"S","J"],[142.136,-4.4,-242.055,0.998,0,-0.055,0,1,0,0.055,0,0.998,-15.976,0,-0.876,"S","J"],[142.063,-4.4,-242.059,0.998,0,-0.055,0,1,0,0.055,0,0.998,-15.976,0,-0.876,"S","J"],[141.918,-4.4,-242.067,0.998,0,-0.055,0,1,0,0.055,0,0.998,"v","S","J"],[141.808,-4.4,-242.073,0.998,0,-0.055,0,1,0,0.055,0,0.998,"v","S","J"],[141.719,-4.4,-242.078,0.998,0,-0.055,0,1,0,0.055,0,0.998,"v","S","J"],[141.662,-4.4,-242.081,0.998,0,-0.055,0,1,0,0.055,0,0.998,"v","S","J"],[141.523,-4.4,-242.089,0.998,0,-0.055,0,1,0,0.055,0,0.998,"v","S","J"],[141.428,-4.4,-242.094,0.998,0,-0.055,0,1,0,0.055,0,0.998,"v","S","J"],[141.343,-4.4,-242.098,0.998,0,-0.055,0,1,0,0.055,0,0.998,"v","S","J"],[141.277,-4.4,-242.102,0.998,0,-0.055,0,1,0,0.055,0,0.998,"v","S","J"],[141.112,-4.4,-242.111,0.998,0,-0.055,0,1,0,0.055,0,0.998,"v","S","J"],[141.074,-4.4,-242.114,0.998,0,-0.055,0,1,0,0.055,0,0.998,"v","S","J"],[140.931,-4.4,-242.121,0.998,0,-0.055,0,1,0,0.055,0,0.998,"v","S","J"],[140.846,-4.4,-242.126,0.998,0,-0.055,0,1,0,0.055,0,0.998,"v","S","J"],[140.789,-4.4,-242.129,0.998,0,-0.055,0,1,0,0.055,0,0.998,"v","S","J"],[140.646,-4.4,-242.137,0.998,0,-0.055,0,1,0,0.055,0,0.998,"v","S","J"],[140.595,-4.4,-242.14,0.998,0,-0.055,0,1,0,0.055,0,0.998,"v","S","J"],[140.456,-4.4,-242.148,0.998,0,-0.055,0,1,0,0.055,0,0.998,"v","S","J"],[140.375,-4.4,-242.152,0.998,0,-0.055,0,1,0,0.055,0,0.998,"v","S","J"],[140.276,-4.4,-242.157,0.998,0,-0.055,0,1,0,0.055,0,0.998,"v","S","J"],[140.175,-4.4,-242.163,0.998,0,-0.055,0,1,0,0.055,0,0.998,"v","S","J"],[140.1,-4.4,-242.167,0.998,0,-0.055,0,1,0,0.055,0,0.998,"v","S","J"],[139.986,-4.4,-242.173,0.998,0,-0.055,0,1,0,0.055,0,0.998,"v","S","J"],[139.918,-4.4,-242.177,0.998,0,-0.055,0,1,0,0.055,0,0.998,"v","S","J"],[139.785,-4.4,-242.184,0.998,0,-0.055,0,1,0,0.055,0,0.998,"v","S","J"],[139.678,-4.4,-242.19,0.998,0,-0.055,0,1,0,0.055,0,0.998,"v","S","J"],[139.602,-4.4,-242.194,0.998,0,-0.055,0,1,0,0.055,0,0.998,"v","S","J"],[139.516,-4.4,-242.199,0.998,0,-0.055,0,1,0,0.055,0,0.998,"v","S","J"],[139.4,-4.4,-242.205,0.998,0,-0.055,0,1,0,0.055,0,0.998,"v","S","J"],[139.314,-4.4,-242.21,0.998,0,-0.055,0,1,0,0.055,0,0.998,"v","S","J"],[139.175,-4.4,-242.218,0.998,0,-0.055,0,1,0,0.055,0,0.998,"v","S","J"],[139.146,-4.4,-242.219,0.998,0,-0.055,0,1,0,0.055,0,0.998,"v","S","J"],[139.032,-4.4,-242.225,0.998,0,-0.055,0,1,0,0.055,0,0.998,"v","S","J"],[138.925,-4.4,-242.231,0.998,0,-0.055,0,1,0,0.055,0,0.998,"v","S","J"],[138.818,-4.4,-242.237,0.998,0,-0.055,0,1,0,0.055,0,0.998,"v","S","J"],[138.714,-4.4,-242.242,0.998,0,-0.055,0,1,0,0.055,0,0.998,"v","S","J"],[138.643,-4.4,-242.247,0.998,0,-0.055,0,1,0,0.055,0,0.998,"v","S","J"],[138.548,-4.4,-242.252,0.998,0,-0.055,0,1,0,0.055,0,0.998,"v","S","J"],[138.438,-4.4,-242.258,0.998,0,-0.055,0,1,0,0.055,0,0.998,"v","S","J"],[138.315,-4.4,-242.264,0.998,0,-0.055,0,1,0,0.055,0,0.998,"v","S","J"],[138.259,-4.4,-242.268,0.998,0,-0.055,0,1,0,0.055,0,0.998,"v","S","J"],[138.162,-4.402,-242.273,0.998,0,-0.055,0,1,0,0.055,0,0.998,-15.976,-0.325,-0.876,"S","J"],[138.078,-4.408,-242.278,0.998,0,-0.055,0,1,0,0.055,0,0.998,-15.976,-1.346,-0.876,"S","J"],[137.916,-4.435,-242.286,0.998,0,-0.055,0,1,0,0.055,0,0.998,-15.976,-3.338,-0.876,"S","J"],[137.869,-4.448,-242.289,0.998,0,-0.055,0,1,0,0.055,0,0.998,-15.976,-3.922,-0.876,"S","J"],[137.753,-4.461,-242.295,0.998,0,-0.055,0,1,0,0.055,0,0.998,-15.976,-1.777,-0.876,"S","J"],[137.644,-4.466,-242.302,0.998,0,-0.055,0,1,0,0.055,0,0.998,-15.976,-0.337,-0.876,"S","J"],[137.523,-4.465,-242.308,0.998,0,-0.055,0,1,0,0.055,0,0.998,-15.976,0.197,-0.876,"S","J"],[137.457,-4.464,-242.312,0.998,0,-0.055,0,1,0,0.055,0,0.998,-15.976,0.304,-0.876,"S","J"],[137.387,-4.463,-242.315,0.998,0,-0.055,0,1,0,0.055,0,0.998,-15.976,0.345,-0.876,"S","J"],[137.292,-4.461,-242.321,0.998,0,-0.055,0,1,0,0.055,0,0.998,-15.976,0.336,-0.876,"S","J"],[137.211,-4.459,-242.325,0.998,0,-0.055,0,1,0,0.055,0,0.998,-15.976,0.314,-0.876,"S","J"],[137.056,-4.456,-242.333,0.998,0,-0.055,0,1,0,0.055,0,0.998,-15.976,0.245,-0.876,"S","J"],[137.001,-4.455,-242.336,0.998,0,-0.055,0,1,0,0.055,0,0.998,-15.976,0.221,-0.876,"S","J"],[136.905,-4.455,-242.342,0.998,0,-0.055,0,1,0,0.055,0,0.998,-15.976,0.183,-0.876,"S","J"],[136.811,-4.453,-242.347,0.998,0,-0.055,0,1,0,0.055,0,0.998,-15.976,0.149,-0.876,"S","J"],[136.736,-4.453,-242.351,0.998,0,-0.055,0,1,0,0.055,0,0.998,-15.976,0.127,-0.876,"S","J"],[136.582,-4.452,-242.359,0.998,0,-0.055,0,1,0,0.055,0,0.998,-15.976,0.09,-0.876,"S","J"],[136.526,-4.452,-242.363,0.998,0,-0.055,0,1,0,0.055,0,0.998,-15.976,0.079,-0.876,"S","J"],[136.418,-4.451,-242.369,0.998,0,-0.055,0,1,0,0.055,0,0.998,-15.976,0.062,-0.876,"S","J"],[136.336,-4.451,-242.373,0.998,0,-0.055,0,1,0,0.055,0,0.998,-15.976,0.051,-0.876,"S","J"],[136.219,-4.451,-242.38,0.998,0,-0.055,0,1,0,0.055,0,0.998,-15.976,0.04,-0.876,"S","J"],[136.141,-4.45,-242.384,0.998,0,-0.055,0,1,0,0.055,0,0.998,-15.976,0.033,-0.876,"S","J"],[136.036,-4.45,-242.39,0.998,0,-0.055,0,1,0,0.055,0,0.998,-15.976,0.027,-0.876,"S","J"],[135.957,-4.45,-242.394,0.998,0,-0.055,0,1,0,0.055,0,0.998,-15.976,0.022,-0.876,"S","J"],[135.844,-4.45,-242.4,0.998,0,-0.055,0,1,0,0.055,0,0.998,-15.976,0.017,-0.876,"S","J"],[135.718,-4.45,-242.406,0.998,0,-0.055,0,1,0,0.055,0,0.998,-15.976,0.013,-0.876,"S","J"],[135.647,-4.45,-242.411,0.998,0,-0.055,0,1,0,0.055,0,0.998,-15.976,0.011,-0.876,"S","J"],[135.547,-4.45,-242.416,0.998,0,-0.055,0,1,0,0.055,0,0.998,-15.976,0.008,-0.876,"S","J"],[135.447,-4.45,-242.422,0.998,0,-0.055,0,1,0,0.055,0,0.998,-15.976,0.007,-0.876,"S","J"],[135.346,-4.45,-242.427,0.998,0,-0.055,0,1,0,0.055,0,0.998,-15.976,0.005,-0.876,"S","J"],[135.262,-4.45,-242.432,0.998,0,-0.055,0,1,0,0.055,0,0.998,-15.976,0.004,-0.876,"S","J"],[135.13,-4.45,-242.439,0.998,0,-0.055,0,1,0,0.055,0,0.998,-15.976,0.003,-0.876,"S","J"],[135.061,-4.45,-242.443,0.998,0,-0.055,0,1,0,0.055,0,0.998,-15.976,0.003,-0.876,"S","J"],[134.972,-4.45,-242.448,0.998,0,-0.058,0,1,0,0.058,0,0.998,-15.974,0.007,-0.909,"S","J"],[134.907,-4.45,-242.452,0.998,0,-0.058,0,1,0,0.058,0,0.998,-15.974,0.008,-0.918,"S","J"],[134.775,-4.45,-242.459,0.998,0,-0.058,0,1,0,0.058,0,0.998,-15.973,0.008,-0.922,"S","J"],[134.727,-4.45,-242.462,0.998,0,-0.058,0,1,0,0.058,0,0.998,-15.973,0.008,-0.923,"S","J"],[134.575,-4.45,-242.471,0.998,0,-0.058,0,1,0,0.058,0,0.998,-15.973,0.006,-0.923,"S","J"],[134.514,-4.45,-242.475,0.998,0,-0.058,0,1,0,0.058,0,0.998,-15.973,0.006,-0.923,"S","J"],[134.387,-4.45,-242.481,0.998,0,-0.058,0,1,0,0.058,0,0.998,-15.973,0.004,-0.923,"S","J"],[134.312,-4.45,-242.486,0.998,0,-0.058,0,1,0,0.058,0,0.998,-15.973,0.004,-0.923,"S","J"],[134.221,-4.45,-242.491,0.998,0,-0.058,0,1,0,0.058,0,0.998,-15.973,0.003,-0.923,"S","J"],[134.126,-4.45,-242.497,0.998,0,-0.058,0,1,0,0.058,0,0.998,-15.973,0.002,-0.923,"S","J"],[134.037,-4.45,-242.502,0.998,0,-0.058,0,1,0,0.058,0,0.998,-15.973,0.002,-0.923,"S","J"],[133.905,-4.45,-242.509,0.998,0,-0.058,0,1,0,0.058,0,0.998,-15.973,0.001,-0.923,"S","J"],[133.849,-4.45,-242.513,0.998,0,-0.058,0,1,0,0.058,0,0.998,"v","S","J"],[133.77,-4.45,-242.517,0.998,0,-0.058,0,1,0,0.058,0,0.998,"v","S","J"],[133.66,-4.45,-242.524,0.998,0,-0.058,0,1,0,0.058,0,0.998,"v","S","J"],[133.57,-4.45,-242.528,0.998,0,-0.058,0,1,0,0.058,0,0.998,"v","S","J"],[133.45,-4.45,-242.536,0.998,0,-0.058,0,1,0,0.058,0,0.998,-15.973,0.001,-0.923,"S","J"],[133.348,-4.45,-242.542,0.998,0,-0.058,0,1,0,0.058,0,0.998,-15.973,0,-0.923,"S","J"],[133.238,-4.45,-242.548,0.998,0,-0.058,0,1,0,0.058,0,0.998,"v","S","J"],[133.173,-4.45,-242.552,0.998,0,-0.058,0,1,0,0.058,0,0.998,"v","S","J"],[133.047,-4.45,-242.559,0.998,0,-0.058,0,1,0,0.058,0,0.998,"v","S","J"],[132.96,-4.45,-242.564,0.998,0,-0.058,0,1,0,0.058,0,0.998,"v","S","J"],[132.861,-4.45,-242.57,0.998,0,-0.058,0,1,0,0.058,0,0.998,"v","S","J"],[132.801,-4.45,-242.574,0.998,0,-0.058,0,1,0,0.058,0,0.998,"v","S","J"],[132.651,-4.45,-242.582,0.998,0,-0.058,0,1,0,0.058,0,0.998,"v","S","J"],[132.597,-4.45,-242.585,0.998,0,-0.058,0,1,0,0.058,0,0.998,"v","S","J"],[132.513,-4.45,-242.59,0.998,0,-0.058,0,1,0,0.058,0,0.998,"v","S","J"],[132.399,-4.45,-242.597,0.998,0,-0.058,0,1,0,0.058,0,0.998,"v","S","J"],[132.254,-4.45,-242.605,0.998,0,-0.058,0,1,0,0.058,0,0.998,"v","S","J"],[132.18,-4.45,-242.609,0.998,0,-0.058,0,1,0,0.058,0,0.998,"v","S","J"],[132.052,-4.45,-242.617,0.998,0,-0.058,0,1,0,0.058,0,0.998,"v","S","J"],[131.98,-4.45,-242.621,0.998,0,-0.058,0,1,0,0.058,0,0.998,"v","S","J"],[131.866,-4.45,-242.627,0.998,0,-0.058,0,1,0,0.058,0,0.998,"v","S","J"],[131.799,-4.45,-242.631,0.998,0,-0.058,0,1,0,0.058,0,0.998,"v","S","J"],[131.653,-4.45,-242.64,0.998,0,-0.058,0,1,0,0.058,0,0.998,"v","S","J"],[131.58,-4.45,-242.644,0.998,0,-0.058,0,1,0,0.058,0,0.998,"v","S","J"],[131.532,-4.45,-242.647,0.998,0,-0.058,0,1,0,0.058,0,0.998,"v","S","J"],[131.401,-4.45,-242.654,0.998,0,-0.058,0,1,0,0.058,0,0.998,"v","S","J"],[131.279,-4.45,-242.661,0.998,0,-0.058,0,1,0,0.058,0,0.998,"v","S","J"],[131.177,-4.45,-242.667,0.998,0,-0.058,0,1,0,0.058,0,0.998,"v","S","J"],[131.114,-4.45,-242.671,0.998,0,-0.058,0,1,0,0.058,0,0.998,-15.973,0.001,-0.922,"S","J"],[131.031,-4.45,-242.676,0.998,0,-0.057,0,1,0,0.057,0,0.998,-15.973,0.006,-0.919,"S","J"],[130.938,-4.45,-242.681,0.998,0,-0.057,0,1,0,0.057,0,0.998,-15.974,0.008,-0.918,"S","J"],[130.825,-4.45,-242.687,0.998,0,-0.057,0,1,0,0.057,0,0.998,-15.974,0.008,-0.918,"S","J"],[130.723,-4.45,-242.694,0.998,0,-0.057,0,1,0,0.057,0,0.998,-15.974,0.007,-0.918,"S","J"],[130.629,-4.45,-242.699,0.998,0,-0.057,0,1,0,0.057,0,0.998,-15.974,0.006,-0.918,"S","J"],[130.541,-4.45,-242.704,0.998,0,-0.057,0,1,0,0.057,0,0.998,-15.974,0.005,-0.918,"S","J"],[130.46,-4.45,-242.708,0.998,0,-0.057,0,1,0,0.057,0,0.998,-15.974,0.004,-0.918,"S","J"],[130.367,-4.45,-242.714,0.998,0,-0.057,0,1,0,0.057,0,0.998,-15.974,0.003,-0.918,"S","J"],[130.276,-4.45,-242.719,0.998,0,-0.057,0,1,0,0.057,0,0.998,-15.974,0.003,-0.918,"S","J"],[130.159,-4.45,-242.726,0.999,0,-0.055,0,1,0,0.055,0,0.999,-15.974,0.002,-0.918,"S","J"],[130.086,-4.45,-242.73,1,0,-0.028,0,1,0,0.028,0,1,-15.974,0.002,-0.918,"S","J"],[129.994,-4.45,-242.735,1,0,0.006,0,1,0,-0.006,0,1,-15.976,0.002,-0.857,"S","J"],[129.863,-4.45,-242.739,0.999,0,0.034,0,1,0,-0.034,0,0.999,-15.994,0.001,-0.36,"S","J"],[129.776,-4.45,-242.738,0.996,0,0.09,0,1,0,-0.09,0,0.996,-15.997,0.001,0.002,"S","J"],[129.663,-4.45,-242.736,0.991,0,0.136,0,1,0,-0.136,0,0.991,-15.991,0.001,0.44,"S","J"],[129.597,-4.45,-242.732,0.977,0,0.212,0,1,0,-0.212,0,0.977,-15.962,0.001,1,"S","J"],[129.504,-4.45,-242.719,0.965,0,0.263,0,1,0,-0.263,0,0.965,-15.848,0.001,2.014,"S","J"],[129.395,-4.45,-242.699,0.947,0,0.323,0,1,0,-0.323,0,0.947,-15.667,0,3.18,"S","J"],[129.308,-4.45,-242.677,0.927,0,0.376,0,1,0,-0.376,0,0.927,-15.489,0,3.934,"S","J"],[129.204,-4.45,-242.644,0.91,0,0.415,0,1,0,-0.415,0,0.91,-15.209,0,4.932,"S","J"],[129.118,-4.45,-242.611,0.89,0,0.455,0,1,0,-0.455,0,0.89,-14.929,0,5.708,"S","J"],[129.011,-4.45,-242.564,0.879,0,0.478,0,1,0,-0.478,0,0.879,-14.612,0,6.497,"S","J"],[128.898,-4.45,-242.509,0.868,0,0.496,0,1,0,-0.496,0,0.868,-14.326,0,7.115,"S","J"],[128.849,-4.45,-242.484,0.863,0,0.506,0,1,0,-0.506,0,0.863,-14.186,0,7.39,"S","J"],[128.791,-4.45,-242.451,0.859,0,0.512,0,1,0,-0.512,0,0.859,-14.013,0,7.714,"S","J"],[128.663,-4.45,-242.378,0.859,0,0.513,0,1,0,-0.513,0,0.859,-13.82,0,8.06,"S","J"],[128.608,-4.45,-242.345,0.857,0,0.515,0,1,0,-0.515,0,0.857,-13.774,0,8.14,"S","J"],[128.504,-4.45,-242.283,0.857,0,0.515,0,1,0,-0.515,0,0.857,-13.742,0,8.195,"S","J"],[128.435,-4.45,-242.242,0.857,0,0.515,0,1,0,-0.515,0,0.857,-13.724,0,8.225,"S","J"],[128.349,-4.45,-242.19,0.857,0,0.515,0,1,0,-0.515,0,0.857,-13.72,0,8.231,"S","J"],[128.253,-4.45,-242.132,0.857,0,0.515,0,1,0,-0.515,0,0.857,-13.719,0,8.233,"S","J"],[128.175,-4.45,-242.086,0.857,0,0.515,0,1,0,-0.515,0,0.857,"v","S","J"],[128.089,-4.45,-242.035,0.857,0,0.515,0,1,0,-0.515,0,0.857,"v","S","J"],[128.019,-4.45,-241.992,0.857,0,0.515,0,1,0,-0.515,0,0.857,"v","S","J"],[127.956,-4.45,-241.954,0.857,0,0.515,0,1,0,-0.515,0,0.857,"v","S","J"],[127.867,-4.45,-241.9,0.857,0,0.515,0,1,0,-0.515,0,0.857,"v","S","J"],[127.804,-4.45,-241.863,0.857,0,0.515,0,1,0,-0.515,0,0.857,"v","S","J"],[127.69,-4.45,-241.795,0.857,0,0.515,0,1,0,-0.515,0,0.857,-13.721,0.001,8.23,"S","J"],[127.605,-4.45,-241.743,0.859,0,0.513,0,1,0,-0.513,0,0.859,-13.732,0.006,8.212,"S","J"],[127.519,-4.45,-241.692,0.859,0,0.513,0,1,0,-0.513,0,0.859,-13.735,0.008,8.206,"S","J"],[127.428,-4.45,-241.638,0.859,0,0.513,0,1,0,-0.513,0,0.859,-13.736,0.008,8.205,"S","J"],[127.344,-4.45,-241.588,0.859,0,0.513,0,1,0,-0.513,0,0.859,-13.736,0.067,8.205,"S","J"],[127.285,-4.448,-241.553,0.859,0,0.513,0,1,0,-0.513,0,0.859,-13.736,0.379,8.205,"S","J"],[127.161,-4.437,-241.478,0.859,0,0.513,0,1,0,-0.513,0,0.859,-13.736,1.43,8.205,"S","J"],[127.103,-4.429,-241.444,0.859,0,0.513,0,1,0,-0.513,0,0.859,-13.736,1.863,8.205,"S","J"],[127.04,-4.42,-241.406,0.859,0,0.513,0,1,0,-0.513,0,0.859,-13.736,1.972,8.205,"S","J"],[126.942,-4.406,-241.348,0.859,0,0.513,0,1,0,-0.513,0,0.859,-13.736,1.879,8.205,"S","J"],[126.85,-4.395,-241.292,0.859,0,0.513,0,1,0,-0.513,0,0.859,-13.736,1.616,8.205,"S","J"],[126.764,-4.386,-241.241,0.859,0,0.513,0,1,0,-0.513,0,0.859,-13.736,1.355,8.205,"S","J"],[126.667,-4.379,-241.183,0.859,0,0.513,0,1,0,-0.513,0,0.859,-13.736,1.089,8.205,"S","J"],[126.577,-4.373,-241.129,0.859,0,0.513,0,1,0,-0.513,0,0.859,-13.736,0.874,8.205,"S","J"],[126.477,-4.367,-241.07,0.859,0,0.513,0,1,0,-0.513,0,0.859,-13.736,0.675,8.205,"S","J"],[126.42,-4.365,-241.036,0.859,0,0.513,0,1,0,-0.513,0,0.859,-13.736,0.582,8.205,"S","J"],[126.341,-4.362,-240.988,0.859,0,0.513,0,1,0,-0.513,0,0.859,-13.736,0.477,8.205,"S","J"],[126.232,-4.359,-240.923,0.859,0,0.513,0,1,0,-0.513,0,0.859,-13.736,0.359,8.205,"S","J"],[126.128,-4.357,-240.862,0.859,0,0.513,0,1,0,-0.513,0,0.859,-13.736,0.272,8.205,"S","J"],[126.071,-4.356,-240.828,0.859,0,0.513,0,1,0,-0.513,0,0.859,-13.736,0.233,8.205,"S","J"],[125.985,-4.355,-240.776,0.859,0,0.513,0,1,0,-0.513,0,0.859,-13.736,0.188,8.205,"S","J"],[125.904,-4.354,-240.727,0.859,0,0.513,0,1,0,-0.513,0,0.859,-13.736,0.15,8.205,"S","J"],[125.823,-4.353,-240.679,0.859,0,0.513,0,1,0,-0.513,0,0.859,-13.736,0.122,8.205,"S","J"],[125.718,-4.352,-240.617,0.859,0,0.513,0,1,0,-0.513,0,0.859,-13.736,0.091,8.205,"S","J"],[125.658,-4.352,-240.58,0.859,0,0.513,0,1,0,-0.513,0,0.859,-13.736,0.078,8.205,"S","J"],[125.583,-4.351,-240.535,0.859,0,0.513,0,1,0,-0.513,0,0.859,-13.736,0.064,8.205,"S","J"],[125.497,-4.351,-240.484,0.859,0,0.513,0,1,0,-0.513,0,0.859,-13.736,0.051,8.205,"S","J"],[125.426,-4.351,-240.443,0.859,0,0.513,0,1,0,-0.513,0,0.859,-13.736,0.043,8.205,"S","J"],[125.315,-4.351,-240.376,0.859,0,0.513,0,1,0,-0.513,0,0.859,-13.736,0.032,8.205,"S","J"],[125.282,-4.351,-240.356,0.859,0,0.513,0,1,0,-0.513,0,0.859,-13.736,0.029,8.205,"S","J"],[125.218,-4.353,-240.318,0.859,0,0.513,0,1,0,-0.513,0,0.859,-13.736,-0.285,8.205,"S","J"],[125.132,-4.36,-240.267,0.859,0,0.513,0,1,0,-0.513,0,0.859,-13.736,-1.503,8.205,"S","J"],[124.997,-4.388,-240.186,0.859,0,0.513,0,1,0,-0.513,0,0.859,-13.736,-3.44,8.205,"S","J"],[124.94,-4.406,-240.152,0.859,0,0.513,0,1,0,-0.513,0,0.859,-13.736,-4.252,8.205,"S","J"],[124.87,-4.433,-240.111,0.859,0,0.513,0,1,0,-0.513,0,0.859,-13.736,-5.249,8.205,"S","J"],[124.769,-4.479,-240.051,0.859,0,0.513,0,1,0,-0.513,0,0.859,-13.736,-6.694,8.205,"S","J"],[124.701,-4.518,-240.009,0.859,0,0.513,0,1,0,-0.513,0,0.859,-13.736,-7.68,8.205,"S","J"],[124.598,-4.582,-239.948,0.859,0,0.513,0,1,0,-0.513,0,0.859,-13.736,-9.136,8.205,"S","J"],[124.53,-4.633,-239.907,0.859,0,0.513,0,1,0,-0.513,0,0.859,-13.736,-10.111,8.205,"S","J"],[124.418,-4.725,-239.84,0.859,0,0.513,0,1,0,-0.513,0,0.859,-13.736,-11.713,8.205,"S","J"],[124.37,-4.768,-239.812,0.859,0,0.513,0,1,0,-0.513,0,0.859,-13.736,-12.389,8.205,"S","J"],[124.306,-4.83,-239.773,0.859,0,0.513,0,1,0,-0.513,0,0.859,-13.736,-13.306,8.205,"S","J"],[124.19,-4.954,-239.704,0.859,0,0.513,0,1,0,-0.513,0,0.859,-13.736,-14.971,8.205,"S","J"],[124.086,-5.076,-239.643,0.859,0,0.513,0,1,0,-0.513,0,0.859,-13.652,-16.459,8.155,"S","J"],[124.023,-5.067,-239.605,0.859,0,0.513,0,1,0,-0.513,0,0.859,-13.224,-6.396,7.899,"S","J"],[123.918,-4.647,-239.542,0.857,0,0.515,0,1,0,-0.515,0,0.857,-13.29,52.825,7.943,3,"J"],[123.875,-4.485,-239.516,0.851,0,0.525,0,1,0,-0.525,0,0.851,-13.522,52.214,8.099,5,"J"],[123.751,-4.024,-239.442,0.823,0,0.568,0,1,0,-0.568,0,0.823,-13.696,50.438,8.215,"S","J"],[123.675,-3.749,-239.397,0.799,0,0.601,0,1,0,-0.601,0,0.799,-13.712,49.345,8.226,"S","J"],[123.582,-3.419,-239.34,0.767,0,0.642,0,1,0,-0.642,0,0.767,-13.719,48.009,8.231,"S","J"],[123.519,-3.204,-239.303,0.743,0,0.669,0,1,0,-0.669,0,0.743,-13.719,47.111,8.232,"S","J"],[123.424,-2.886,-239.246,0.705,0,0.709,0,1,0,-0.709,0,0.705,-13.72,45.753,8.232,"S","J"],[123.353,-2.652,-239.203,0.675,0,0.738,0,1,0,-0.738,0,0.675,-13.72,44.732,8.232,"S","J"],[123.261,-2.359,-239.148,0.635,0,0.772,0,1,0,-0.772,0,0.635,-13.72,43.412,8.232,"S","J"],[123.173,-2.086,-239.095,0.595,0,0.804,0,1,0,-0.804,0,0.595,-13.72,42.151,8.232,"S","J"],[123.115,-1.912,-239.06,0.567,0,0.824,0,1,0,-0.824,0,0.567,-13.72,41.321,8.232,"S","J"],[123.001,-1.581,-238.992,0.511,0,0.859,0,1,0,-0.859,0,0.511,-13.72,39.703,8.232,"S","J"],[122.96,-1.464,-238.968,0.491,0,0.871,0,1,0,-0.871,0,0.491,-13.72,39.118,8.232,"S","J"],[122.837,-1.123,-238.893,0.427,0,0.904,0,1,0,-0.904,0,0.427,-13.72,37.35,8.232,"S","J"],[122.77,-0.946,-238.853,0.392,0,0.92,0,1,0,-0.92,0,0.392,-13.72,36.396,8.232,"S","J"],[122.714,-0.802,-238.82,0.362,0,0.932,0,1,0,-0.932,0,0.362,-13.72,35.597,8.232,"S","J"],[122.598,-0.512,-238.75,0.303,0,0.953,0,1,0,-0.953,0,0.303,-13.72,33.943,8.232,"S","J"],[122.514,-0.31,-238.7,0.261,0,0.965,0,1,0,-0.965,0,0.261,-13.72,32.734,8.232,"S","J"],[122.425,-0.104,-238.646,0.219,0,0.976,0,1,0,-0.976,0,0.219,-13.72,31.465,8.232,"S","J"],[122.36,0.04,-238.608,0.189,0,0.982,0,1,0,-0.982,0,0.189,-13.72,30.537,8.232,"S","J"],[122.252,0.272,-238.543,0.141,0,0.99,0,1,0,-0.99,0,0.141,-13.72,28.994,8.232,"S","J"],[122.166,0.448,-238.491,0.105,0,0.994,0,1,0,-0.994,0,0.105,-13.72,27.761,8.232,"S","J"],[122.089,0.598,-238.445,0.074,0,0.997,0,1,0,-0.997,0,0.074,-13.72,26.663,8.232,"S","J"],[122.031,0.706,-238.411,0.053,0,0.999,0,1,0,-0.999,0,0.053,-13.72,25.843,8.232,"S","J"],[121.905,0.932,-238.335,0.007,0,1,0,1,0,-1,0,0.007,-13.72,24.035,8.232,"S","J"],[121.848,1.029,-238.3,-0.012,0,1,0,1,0,-1,0,-0.012,-13.72,23.214,8.232,"S","J"],[121.79,1.122,-238.266,-0.031,0,1,0,1,0,-1,0,-0.031,-13.72,22.385,8.232,"S","J"],[121.695,1.271,-238.209,-0.061,0,0.998,0,1,0,-0.998,0,-0.061,-13.72,21.033,8.232,"S","J"],[121.584,1.433,-238.142,-0.094,0,0.996,0,1,0,-0.996,0,-0.094,-13.72,19.432,8.232,"S","J"],[121.526,1.511,-238.106,-0.11,0,0.994,0,1,0,-0.994,0,-0.11,-13.72,18.602,8.232,"S","J"],[121.413,1.654,-238.04,-0.14,0,0.99,0,1,0,-0.99,0,-0.14,-13.72,16.995,8.232,"S","J"],[121.356,1.72,-238.006,-0.153,0,0.988,0,1,0,-0.988,0,-0.153,-13.72,16.188,8.232,"S","J"],[121.283,1.801,-237.961,-0.17,0,0.985,0,1,0,-0.985,0,-0.17,-13.72,15.132,8.232,"S","J"],[121.158,1.928,-237.886,-0.198,0,0.98,0,1,0,-0.98,0,-0.198,-13.72,13.338,8.232,"S","J"],[121.08,1.997,-237.839,-0.214,0,0.977,0,1,0,-0.977,0,-0.214,-13.72,12.228,8.232,"S","J"],[120.99,2.072,-237.785,-0.232,0,0.973,0,1,0,-0.973,0,-0.232,-13.72,10.944,8.232,"S","J"],[120.907,2.131,-237.735,-0.247,0,0.969,0,1,0,-0.969,0,-0.247,-13.72,9.752,8.232,"S","J"],[120.817,2.188,-237.682,-0.263,0,0.965,0,1,0,-0.965,0,-0.263,-13.715,8.474,8.24,"S","J"],[120.753,2.224,-237.643,-0.273,0,0.962,0,1,0,-0.962,0,-0.273,-13.708,7.556,8.253,"S","J"],[120.652,2.271,-237.582,-0.289,0,0.957,0,1,0,-0.957,0,-0.289,-13.705,6.104,8.257,"S","J"],[120.581,2.299,-237.539,-0.299,0,0.954,0,1,0,-0.954,0,-0.299,-13.704,5.089,8.258,"S","J"],[120.494,2.323,-237.487,-0.312,0,0.95,0,1,0,-0.95,0,-0.312,-13.704,3.843,8.259,"S","J"],[120.401,2.344,-237.431,-0.324,0,0.946,0,1,0,-0.946,0,-0.324,-13.704,2.51,8.259,"S","J"],[120.317,2.352,-237.381,-0.334,0,0.943,0,1,0,-0.943,0,-0.334,-13.704,1.31,8.259,"S","J"],[120.233,2.354,-237.33,-0.344,0,0.939,0,1,0,-0.939,0,-0.344,-13.704,0.112,8.259,"S","J"],[120.125,2.345,-237.265,-0.356,0,0.935,0,1,0,-0.935,0,-0.356,-13.704,-1.45,8.259,"S","J"],[120.043,2.332,-237.215,-0.364,0,0.931,0,1,0,-0.931,0,-0.364,-13.704,-2.615,8.259,"S","J"],[119.994,2.32,-237.186,-0.369,0,0.929,0,1,0,-0.929,0,-0.369,-13.704,-3.314,8.259,"S","J"],[119.915,2.293,-237.138,-0.376,0,0.926,0,1,0,-0.926,0,-0.376,-13.704,-4.443,8.259,"S","J"],[119.832,2.262,-237.089,-0.384,0,0.924,0,1,0,-0.924,0,-0.384,-13.704,-5.628,8.259,"S","J"],[119.767,2.229,-237.049,-0.389,0,0.921,0,1,0,-0.921,0,-0.389,-13.704,-6.568,8.259,"S","J"],[119.639,2.155,-236.972,-0.4,0,0.917,0,1,0,-0.917,0,-0.4,-13.704,-8.403,8.259,"S","J"],[119.58,2.117,-236.936,-0.404,0,0.915,0,1,0,-0.915,0,-0.404,-13.704,-9.247,8.259,"S","J"],[119.522,2.074,-236.902,-0.409,0,0.913,0,1,0,-0.913,0,-0.409,-13.704,-10.076,8.259,"S","J"],[119.442,2.009,-236.852,-0.414,0,0.91,0,1,0,-0.91,0,-0.414,-13.697,-11.23,8.27,"S","J"],[119.354,1.931,-236.799,-0.419,0,0.908,0,1,0,-0.908,0,-0.419,-13.681,-12.488,8.297,"S","J"],[119.255,1.831,-236.739,-0.426,0,0.905,0,1,0,-0.905,0,-0.426,-13.668,-13.91,8.318,"S","J"],[119.175,1.745,-236.69,-0.431,0,0.902,0,1,0,-0.902,0,-0.431,-13.653,-15.054,8.342,"S","J"],[119.105,1.663,-236.648,-0.435,0,0.901,0,1,0,-0.901,0,-0.435,-13.645,-16.051,8.355,"S","J"],[119,1.53,-236.582,-0.441,0,0.898,0,1,0,-0.898,0,-0.441,-13.62,-17.575,8.397,"S","J"],[118.956,1.472,-236.556,-0.443,0,0.896,0,1,0,-0.896,0,-0.443,-13.606,-18.204,8.419,"S","J"],[118.837,1.301,-236.482,-0.449,0,0.893,0,1,0,-0.893,0,-0.449,-13.592,-19.917,8.44,"S","J"],[118.782,1.217,-236.447,-0.452,0,0.892,0,1,0,-0.892,0,-0.452,-13.574,-20.724,8.471,"S","J"],[118.703,1.09,-236.398,-0.456,0,0.89,0,1,0,-0.89,0,-0.456,-13.55,-21.86,8.508,"S","J"],[118.605,0.924,-236.336,-0.461,0,0.888,0,1,0,-0.888,0,-0.461,-13.541,-23.28,8.522,"S","J"],[118.493,0.721,-236.265,-0.466,0,0.885,0,1,0,-0.885,0,-0.466,-13.534,-24.913,8.534,"S","J"],[118.451,0.643,-236.24,-0.468,0,0.884,0,1,0,-0.884,0,-0.468,-13.522,-25.506,8.553,"S","J"],[118.376,0.495,-236.192,-0.471,0,0.882,0,1,0,-0.882,0,-0.471,-13.514,-26.598,8.565,"S","J"],[118.251,0.237,-236.113,-0.476,0,0.879,0,1,0,-0.879,0,-0.476,-13.504,-28.412,8.582,"S","J"],[118.162,0.043,-236.056,-0.479,0,0.878,0,1,0,-0.878,0,-0.479,-13.483,-29.709,8.614,"S","J"],[118.105,-0.084,-236.02,-0.482,0,0.876,0,1,0,-0.876,0,-0.482,-13.481,-30.524,8.617,"S","J"],[118.04,-0.238,-235.978,-0.485,0,0.875,0,1,0,-0.875,0,-0.485,-13.48,-31.479,8.619,"S","J"],[117.928,-0.509,-235.907,-0.488,0,0.873,0,1,0,-0.873,0,-0.488,-13.48,-33.109,8.62,"S","J"],[117.872,-0.65,-235.871,-0.49,0,0.872,0,1,0,-0.872,0,-0.49,-13.48,-33.923,8.62,"S","J"],[117.769,-0.917,-235.805,-0.493,0,0.87,0,1,0,-0.87,0,-0.493,-13.48,-35.423,8.62,"S","J"],[117.704,-1.093,-235.763,-0.495,0,0.869,0,1,0,-0.869,0,-0.495,-13.48,-36.369,8.62,"S","J"],[117.601,-1.379,-235.697,-0.498,0,0.867,0,1,0,-0.867,0,-0.498,-13.48,-37.871,8.62,"S","J"],[117.544,-1.546,-235.66,-0.499,0,0.866,0,1,0,-0.866,0,-0.499,-13.48,-38.713,8.62,"S","J"],[117.435,-1.868,-235.591,-0.502,0,0.865,0,1,0,-0.865,0,-0.502,-13.48,-40.291,8.62,"S","J"],[117.377,-2.043,-235.554,-0.503,0,0.864,0,1,0,-0.864,0,-0.503,-13.48,-41.135,8.62,"S","J"],[117.312,-2.245,-235.513,-0.505,0,0.863,0,1,0,-0.863,0,-0.505,-13.48,-42.073,8.62,"S","J"],[117.209,-2.553,-235.447,-0.507,0,0.862,0,1,0,-0.862,0,-0.507,-13.48,-37.622,8.62,"S","J"],[117.105,-2.475,-235.381,-0.509,0,0.861,0,1,0,-0.861,0,-0.509,-13.48,11.713,8.62,7,"J"],[117.029,-2.332,-235.332,-0.51,0,0.86,0,1,0,-0.86,0,-0.51,-13.48,29.571,8.62,"S","J"],[116.954,-2.152,-235.284,-0.512,0,0.859,0,1,0,-0.859,0,-0.512,-13.48,32.22,8.62,"S","J"],[116.864,-1.937,-235.226,-0.513,0,0.858,0,1,0,-0.858,0,-0.513,-13.48,31.071,8.62,"S","J"],[116.824,-1.849,-235.2,-0.514,0,0.858,0,1,0,-0.858,0,-0.514,-13.48,29.352,8.62,"S","J"],[116.711,-1.641,-235.128,-0.516,0,0.857,0,1,0,-0.857,0,-0.516,-13.48,23.622,8.62,"S","J"],[116.607,-1.494,-235.061,-0.517,0,0.856,0,1,0,-0.856,0,-0.517,-13.48,18.687,8.62,"S","J"],[116.524,-1.394,-235.009,-0.518,0,0.855,0,1,0,-0.855,0,-0.518,-13.48,15.153,8.62,"S","J"],[116.477,-1.347,-234.979,-0.519,0,0.855,0,1,0,-0.855,0,-0.519,-13.48,13.441,8.62,8,"J"],[116.393,-1.279,-234.925,-0.52,0,0.854,0,1,0,-0.854,0,-0.52,-13.48,10.883,8.62,"S","J"],[116.299,-1.215,-234.865,-0.521,0,0.853,0,1,0,-0.853,0,-0.521,-13.48,8.447,8.62,"S","J"],[116.251,-1.189,-234.834,-0.522,0,0.853,0,1,0,-0.853,0,-0.522,-13.478,7.414,8.623,"S","J"],[116.12,-1.136,-234.75,-0.524,0,0.852,0,1,0,-0.852,0,-0.524,-13.467,5.467,8.638,"S","J"],[116.038,-1.106,-234.697,-0.524,0,0.852,0,1,0,-0.852,0,-0.524,-13.465,4.422,8.642,"S","J"],[115.997,-1.096,-234.671,-0.525,0,0.851,0,1,0,-0.851,0,-0.525,-13.465,4.032,8.642,"S","J"],[115.897,-1.073,-234.607,-0.525,0,0.851,0,1,0,-0.851,0,-0.525,-13.465,3.142,8.643,"S","J"],[115.813,-1.058,-234.553,-0.526,0,0.85,0,1,0,-0.85,0,-0.526,-13.465,2.501,8.643,"S","J"],[115.754,-1.05,-234.515,-0.527,0,0.85,0,1,0,-0.85,0,-0.527,-13.465,2.16,8.643,"S","J"],[115.65,-1.037,-234.448,-0.527,0,0.85,0,1,0,-0.85,0,-0.527,-13.465,1.627,8.643,"S","J"],[115.536,-1.027,-234.375,-0.528,0,0.849,0,1,0,-0.849,0,-0.528,-13.465,1.192,8.643,"S","J"],[115.477,-1.022,-234.337,-0.529,0,0.849,0,1,0,-0.849,0,-0.529,-13.465,1,8.643,"S","J"],[115.41,-1.018,-234.294,-0.53,0,0.848,0,1,0,-0.848,0,-0.53,-13.465,0.842,8.643,"S","J"],[115.299,-1.014,-234.223,-0.53,0,0.848,0,1,0,-0.848,0,-0.53,-13.465,0.62,8.643,"S","J"],[115.194,-1.01,-234.156,-0.531,0,0.847,0,1,0,-0.847,0,-0.531,-13.465,0.462,8.643,"S","J"],[115.102,-1.008,-234.096,-0.531,0,0.847,0,1,0,-0.847,0,-0.531,-13.465,0.357,8.643,"S","J"],[115.029,-1.006,-234.05,-0.532,0,0.847,0,1,0,-0.847,0,-0.532,-13.465,0.289,8.643,"S","J"],[114.993,-1.005,-234.027,-0.532,0,0.847,0,1,0,-0.847,0,-0.532,-13.465,0.264,8.643,"S","J"],[114.902,-1.004,-233.969,-0.532,0,0.847,0,1,0,-0.847,0,-0.532,-13.465,0.204,8.643,"S","J"],[114.789,-1.003,-233.896,-0.533,0,0.846,0,1,0,-0.846,0,-0.533,-13.465,0.149,8.643,"S","J"],[114.697,-1.002,-233.837,-0.533,0,0.846,0,1,0,-0.846,0,-0.533,-13.465,0.115,8.643,"S","J"],[114.665,-1.002,-233.816,-0.533,0,0.846,0,1,0,-0.846,0,-0.533,-13.465,0.106,8.643,"S","J"],[114.586,-1.001,-233.765,-0.534,0,0.846,0,1,0,-0.846,0,-0.534,-13.465,0.085,8.643,"S","J"],[114.46,-1.001,-233.684,-0.534,0,0.845,0,1,0,-0.845,0,-0.534,-13.465,0.06,8.643,"S","J"],[114.39,-1.001,-233.64,-0.535,0,0.845,0,1,0,-0.845,0,-0.535,-13.465,0.049,8.643,"S","J"],[114.322,-1.001,-233.596,-0.535,0,0.845,0,1,0,-0.845,0,-0.535,-13.458,0.041,8.654,"S","J"],[114.248,-1,-233.548,-0.535,0,0.845,0,1,0,-0.845,0,-0.535,-13.441,0.033,8.679,"S","J"],[114.131,-1,-233.471,-0.536,0,0.844,0,1,0,-0.844,0,-0.536,-13.363,0.024,8.799,"S","J"],[114.12,-1,-233.464,-0.536,0,0.844,0,1,0,-0.844,0,-0.536,-13.35,0.023,8.819,"S","J"],[114.011,-1,-233.389,-0.538,0,0.843,0,1,0,-0.843,0,-0.538,-13.216,0.017,9.018,"S","J"],[113.921,-1,-233.326,-0.54,0,0.842,0,1,0,-0.842,0,-0.54,-13.116,0.013,9.164,"S","J"],[113.812,-1,-233.249,-0.543,0,0.84,0,1,0,-0.84,0,-0.543,-12.994,0.009,9.334,"S","J"],[113.803,-1,-233.242,-0.543,0,0.84,0,1,0,-0.84,0,-0.543,-12.984,0.009,9.349,"S","J"],[113.678,-1,-233.144,-0.549,0,0.836,0,1,0,-0.836,0,-0.549,-12.623,0.007,9.828,"S","J"],[113.594,-1,-233.076,-0.554,0,0.833,0,1,0,-0.833,0,-0.554,-12.43,0.005,10.073,"S","J"],[113.553,-1,-233.038,-0.558,0,0.83,0,1,0,-0.83,0,-0.558,-12.114,0.005,10.433,"S","J"],[113.498,-1,-232.986,-0.563,0,0.827,0,1,0,-0.827,0,-0.563,-11.687,0.004,10.918,"S","J"],[113.389,-1,-232.876,-0.575,0,0.818,0,1,0,-0.818,0,-0.575,-11.24,0.003,11.381,"S","J"],[113.314,-1,-232.794,-0.585,0,0.811,0,1,0,-0.811,0,-0.585,-10.79,0.002,11.81,"S","J"],[113.313,-1,-232.793,-0.585,0,0.811,0,1,0,-0.811,0,-0.585,-10.785,0.002,11.815,"S","J"],[113.223,-1,-232.668,-0.605,0,0.796,0,1,0,-0.796,0,-0.605,-9.275,0.001,13.014,"S","J"],[113.164,-1,-232.574,-0.621,0,0.784,0,1,0,-0.784,0,-0.621,-8.554,0.001,13.512,"S","J"],[113.098,-1,-232.456,-0.641,0,0.767,0,1,0,-0.767,0,-0.641,-7.796,0.001,13.967,"S","J"],[113.088,-1,-232.434,-0.646,0,0.764,0,1,0,-0.764,0,-0.646,-7.562,0.001,14.083,"S","J"],[113.039,-1,-232.32,-0.667,0,0.745,0,1,0,-0.745,0,-0.667,-6.399,0.001,14.651,"S","J"],[112.997,-1,-232.212,-0.687,0,0.726,0,1,0,-0.726,0,-0.687,-5.763,0,14.92,"S","J"],[112.991,-1,-232.194,-0.691,0,0.723,0,1,0,-0.723,0,-0.691,-5.645,0,14.963,"S","J"],[112.963,-1,-232.104,-0.708,0,0.706,0,1,0,-0.706,0,-0.708,-5.026,0,15.181,"S","J"],[112.912,-1,-231.934,-0.738,0,0.674,0,1,0,-0.674,0,-0.738,-4.52,0,15.347,"S","J"],[112.881,-1,-231.827,-0.756,0,0.655,0,1,0,-0.655,0,-0.756,-4.371,0,15.391,"S","J"],[112.859,-1,-231.75,-0.767,0,0.641,0,1,0,-0.641,0,-0.767,-4.33,0,15.403,"S","J"],[112.837,-1,-231.668,-0.779,0,0.627,0,1,0,-0.627,0,-0.779,-4.301,0,15.411,"S","J"],[112.81,-1,-231.57,-0.793,0,0.61,0,1,0,-0.61,0,-0.793,-4.293,0,15.413,"S","J"],[112.8,-1,-231.534,-0.797,0,0.604,0,1,0,-0.604,0,-0.797,-4.293,0,15.413,"S","J"],[112.766,-1,-231.414,-0.811,0,0.585,0,1,0,-0.585,0,-0.811,-4.292,0,15.414,"S","J"],[112.725,-1,-231.268,-0.827,0,0.563,0,1,0,-0.563,0,-0.827,-4.292,0,15.414,"S","J"],[112.702,-1,-231.184,-0.835,0,0.551,0,1,0,-0.551,0,-0.835,-4.291,0,15.414,"S","J"],[112.686,-1,-231.124,-0.84,0,0.542,0,1,0,-0.542,0,-0.84,"v","S","J"],[112.656,-1,-231.016,-0.849,0,0.528,0,1,0,-0.528,0,-0.849,-4.303,0.002,15.411,"S","J"],[112.635,-1,-230.943,-0.855,0,0.518,0,1,0,-0.518,0,-0.855,-4.324,0.006,15.404,"S","J"],[112.599,-0.611,-230.814,-0.866,0,0.501,0,1,0,-0.501,0,-0.866,-4.328,46.637,15.403,"S","J"],[112.567,-0.217,-230.698,-0.874,0,0.487,0,1,0,-0.487,0,-0.874,-4.333,51.706,15.402,3,"J"],[112.547,0.015,-230.628,-0.878,0,0.479,0,1,0,-0.479,0,-0.878,-4.334,50.814,15.402,5,"J"],[112.511,0.422,-230.501,-0.886,0,0.464,0,1,0,-0.464,0,-0.886,-4.335,49.202,15.402,"S","J"],[112.488,0.683,-230.418,-0.89,0,0.456,0,1,0,-0.456,0,-0.89,-4.335,48.142,15.402,"S","J"],[112.464,0.934,-230.336,-0.894,0,0.448,0,1,0,-0.448,0,-0.894,-4.335,47.098,15.402,"S","J"],[112.44,1.188,-230.251,-0.898,0,0.44,0,1,0,-0.44,0,-0.898,-4.335,46.017,15.402,"S","J"],[112.415,1.451,-230.161,-0.902,0,0.432,0,1,0,-0.432,0,-0.902,-4.335,44.876,15.402,"S","J"],[112.376,1.841,-230.023,-0.907,0,0.421,0,1,0,-0.421,0,-0.907,-4.335,43.12,15.402,"S","J"],[112.358,2.023,-229.957,-0.91,0,0.415,0,1,0,-0.415,0,-0.91,-4.335,42.276,15.402,"S","J"],[112.331,2.278,-229.862,-0.913,0,0.408,0,1,0,-0.408,0,-0.913,-4.335,41.059,15.402,"S","J"],[112.304,2.529,-229.765,-0.916,0,0.401,0,1,0,-0.401,0,-0.916,-4.335,39.832,15.402,"S","J"],[112.273,2.803,-229.656,-0.92,0,0.393,0,1,0,-0.393,0,-0.92,-4.335,38.441,15.402,"S","J"],[112.251,3.002,-229.575,-0.922,0,0.388,0,1,0,-0.388,0,-0.922,-4.335,37.401,15.402,"S","J"],[112.214,3.307,-229.446,-0.925,0,0.38,0,1,0,-0.38,0,-0.925,-4.335,35.751,15.402,"S","J"],[112.199,3.429,-229.391,-0.927,0,0.376,0,1,0,-0.376,0,-0.927,-4.335,35.066,15.402,"S","J"],[112.175,3.62,-229.305,-0.928,0,0.372,0,1,0,-0.372,0,-0.928,-4.331,33.966,15.403,"S","J"],[112.158,3.751,-229.244,-0.93,0,0.368,0,1,0,-0.368,0,-0.93,-4.319,33.193,15.406,"S","J"],[112.12,4.03,-229.109,-0.932,0,0.362,0,1,0,-0.362,0,-0.932,-4.312,31.476,15.408,"S","J"],[112.108,4.118,-229.065,-0.933,0,0.359,0,1,0,-0.359,0,-0.933,-4.311,30.918,15.408,"S","J"],[112.085,4.277,-228.983,-0.935,0,0.355,0,1,0,-0.355,0,-0.935,-4.311,29.869,15.408,"S","J"],[112.052,4.494,-228.868,-0.937,0,0.35,0,1,0,-0.35,0,-0.937,-4.311,28.399,15.408,"S","J"],[112.017,4.716,-228.741,-0.939,0,0.345,0,1,0,-0.345,0,-0.939,-4.311,26.793,15.408,"S","J"],[111.998,4.833,-228.672,-0.94,0,0.342,0,1,0,-0.342,0,-0.94,-4.311,25.91,15.408,"S","J"],[111.963,5.033,-228.548,-0.942,0,0.337,0,1,0,-0.337,0,-0.942,-4.311,24.323,15.408,"S","J"],[111.944,5.132,-228.482,-0.942,0,0.335,0,1,0,-0.335,0,-0.942,-4.325,23.497,15.404,"S","J"],[111.925,5.23,-228.416,-0.943,0,0.333,0,1,0,-0.333,0,-0.943,-4.486,22.643,15.358,"S","J"],[111.899,5.35,-228.33,-0.944,0,0.331,0,1,0,-0.331,0,-0.944,-4.668,21.546,15.303,"S","J"],[111.865,5.5,-228.219,-0.944,0,0.329,0,1,0,-0.329,0,-0.944,-4.772,20.116,15.271,"S","J"],[111.827,5.649,-228.099,-0.945,0,0.326,0,1,0,-0.326,0,-0.945,-4.824,18.582,15.256,"S","J"],[111.797,5.756,-228.005,-0.946,0,0.325,0,1,0,-0.325,0,-0.946,-4.843,17.367,15.25,"S","J"],[111.788,5.787,-227.977,-0.946,0,0.325,0,1,0,-0.325,0,-0.946,-4.853,17.004,15.246,"S","J"],[111.75,5.913,-227.857,-0.946,0,0.323,0,1,0,-0.323,0,-0.946,-4.88,15.458,15.238,"S","J"],[111.728,5.975,-227.792,-0.946,0,0.323,0,1,0,-0.323,0,-0.946,-4.882,14.626,15.237,"S","J"],[111.697,6.063,-227.692,-0.947,0,0.321,0,1,0,-0.321,0,-0.947,-4.882,13.347,15.237,"S","J"],[111.671,6.127,-227.614,-0.947,0,0.321,0,1,0,-0.321,0,-0.947,-4.883,12.338,15.237,"S","J"],[111.644,6.191,-227.527,-0.947,0,0.32,0,1,0,-0.32,0,-0.947,-4.883,11.206,15.237,"S","J"],[111.608,6.267,-227.415,-0.948,0,0.319,0,1,0,-0.319,0,-0.948,-4.883,9.772,15.237,"S","J"],[111.581,6.314,-227.331,-0.948,0,0.318,0,1,0,-0.318,0,-0.948,-4.883,8.69,15.237,"S","J"],[111.554,6.358,-227.247,-0.948,0,0.318,0,1,0,-0.318,0,-0.948,-4.883,7.611,15.237,"S","J"],[111.524,6.399,-227.153,-0.948,0,0.317,0,1,0,-0.317,0,-0.948,-4.914,6.397,15.227,"S","J"],[111.501,6.423,-227.081,-0.948,0,0.317,0,1,0,-0.317,0,-0.948,-4.923,5.475,15.224,"S","J"],[111.471,6.451,-226.99,-0.949,0,0.316,0,1,0,-0.316,0,-0.949,-4.949,4.294,15.216,"S","J"],[111.435,6.473,-226.882,-0.949,0,0.316,0,1,0,-0.316,0,-0.949,-5,2.91,15.198,"S","J"],[111.406,6.485,-226.793,-0.949,0,0.316,0,1,0,-0.316,0,-0.949,-5.026,1.763,15.19,"S","J"],[111.368,6.488,-226.681,-0.949,0,0.316,0,1,0,-0.316,0,-0.949,-5.062,0.305,15.178,"S","J"],[111.343,6.486,-226.605,-0.949,0,0.316,0,1,0,-0.316,0,-0.949,-5.077,-0.671,15.173,"S","J"],[111.317,6.479,-226.527,-0.949,0,0.316,0,1,0,-0.316,0,-0.949,-5.107,-1.686,15.163,"S","J"],[111.278,6.456,-226.41,-0.949,0,0.316,0,1,0,-0.316,0,-0.949,-5.126,-3.197,15.157,"S","J"],[111.236,6.42,-226.288,-0.949,0,0.317,0,1,0,-0.317,0,-0.949,-5.13,-4.784,15.155,"S","J"],[111.208,6.39,-226.204,-0.948,0,0.317,0,1,0,-0.317,0,-0.948,-5.131,-5.872,15.155,"S","J"],[111.17,6.338,-226.093,-0.948,0,0.317,0,1,0,-0.317,0,-0.948,-5.131,-7.305,15.155,"S","J"],[111.148,6.302,-226.027,-0.948,0,0.317,0,1,0,-0.317,0,-0.948,-5.131,-8.163,15.155,"S","J"],[111.125,6.264,-225.962,-0.948,0,0.317,0,1,0,-0.317,0,-0.948,-5.131,-9.006,15.155,"S","J"],[111.086,6.185,-225.845,-0.948,0,0.317,0,1,0,-0.317,0,-0.948,-5.131,-10.521,15.155,"S","J"],[111.042,6.085,-225.716,-0.948,0,0.318,0,1,0,-0.318,0,-0.948,-5.168,-12.194,15.143,"S","J"],[111.019,6.027,-225.647,-0.948,0,0.318,0,1,0,-0.318,0,-0.948,-5.177,-13.075,15.139,"S","J"],[110.996,5.967,-225.582,-0.948,0,0.318,0,1,0,-0.318,0,-0.948,-5.179,-13.917,15.138,"S","J"],[110.968,5.883,-225.498,-0.948,0,0.319,0,1,0,-0.319,0,-0.948,-5.18,-15.003,15.138,"S","J"],[110.933,5.774,-225.395,-0.948,0,0.319,0,1,0,-0.319,0,-0.948,-5.18,-16.35,15.138,"S","J"],[110.897,5.654,-225.291,-0.948,0,0.319,0,1,0,-0.319,0,-0.948,-5.18,-17.695,15.138,"S","J"],[110.867,5.549,-225.205,-0.948,0,0.319,0,1,0,-0.319,0,-0.948,-5.18,-18.806,15.138,"S","J"],[110.845,5.465,-225.141,-0.948,0,0.319,0,1,0,-0.319,0,-0.948,-5.18,-19.648,15.138,"S","J"],[110.804,5.299,-225.02,-0.948,0,0.32,0,1,0,-0.32,0,-0.948,-5.18,-21.207,15.138,"S","J"],[110.782,5.202,-224.954,-0.947,0,0.32,0,1,0,-0.32,0,-0.947,-5.18,-22.07,15.138,"S","J"],[110.738,5.007,-224.827,-0.947,0,0.32,0,1,0,-0.32,0,-0.947,-5.18,-23.71,15.138,"S","J"],[110.715,4.899,-224.76,-0.947,0,0.32,0,1,0,-0.32,0,-0.947,-5.18,-24.575,15.138,"S","J"],[110.684,4.74,-224.667,-0.947,0,0.32,0,1,0,-0.32,0,-0.947,-5.18,-25.785,15.138,"S","J"],[110.651,4.574,-224.572,-0.947,0,0.321,0,1,0,-0.321,0,-0.947,-5.18,-27.016,15.138,"S","J"],[110.6,4.3,-224.426,-0.91,0,0.414,0,1,0,-0.414,0,-0.91,-5.268,-28.899,15.108,"S","J"],[110.563,4.091,-224.321,0.26,0,0.966,0,1,0,-0.966,0,0.26,-5.298,-30.27,15.098,"S","J"],[110.536,3.931,-224.243,0.332,0,0.943,0,1,0,-0.943,0,0.332,-5.304,-31.274,15.095,"S","J"],[110.511,3.779,-224.172,0.335,0,0.942,0,1,0,-0.942,0,0.335,-5.305,-32.2,15.095,"S","J"],[110.473,3.547,-224.067,0.335,0,0.942,0,1,0,-0.942,0,0.335,-5.306,-33.572,15.095,"S","J"],[110.444,3.352,-223.982,0.335,0,0.942,0,1,0,-0.942,0,0.335,-5.339,-34.673,15.083,"S","J"],[110.407,3.103,-223.877,0.335,0,0.942,0,1,0,-0.942,0,0.335,-5.352,-36.045,15.078,"S","J"],[110.383,2.943,-223.811,0.338,0,0.941,0,1,0,-0.941,0,0.338,-5.354,-36.899,15.078,"S","J"],[110.335,2.6,-223.676,0.338,0,0.941,0,1,0,-0.941,0,0.338,-5.359,-38.66,15.076,"S","J"],[110.315,2.459,-223.622,0.338,0,0.941,0,1,0,-0.941,0,0.338,-5.386,-39.365,15.066,"S","J"],[110.278,2.178,-223.518,0.338,0,0.941,0,1,0,-0.941,0,0.338,-5.399,-40.72,15.062,"S","J"],[110.254,1.994,-223.451,0.338,0,0.941,0,1,0,-0.941,0,0.338,-5.403,-41.591,15.06,"S","J"],[110.218,1.704,-223.349,0.338,0,0.941,0,1,0,-0.941,0,0.338,-5.404,-42.918,15.06,"S","J"],[110.177,1.372,-223.235,0.338,0,0.941,0,1,0,-0.941,0,0.338,-5.404,-44.404,15.06,"S","J"],[110.148,1.129,-223.155,0.341,0,0.94,0,1,0,-0.94,0,0.341,-5.404,-45.453,15.06,"S","J"],[110.109,0.794,-223.046,0.341,0,0.94,0,1,0,-0.94,0,0.341,-5.41,-46.868,15.058,"S","J"],[110.089,0.615,-222.989,0.341,0,0.94,0,1,0,-0.94,0,0.341,-5.436,-47.604,15.049,"S","J"],[110.059,0.357,-222.91,0.341,0,0.94,0,1,0,-0.94,0,0.341,-5.45,-48.644,15.043,"S","J"],[110.025,0.048,-222.817,0.342,0,0.94,0,1,0,-0.94,0,0.342,-5.463,-49.865,15.039,"S","J"],[109.974,-0.429,-222.676,0.342,0,0.94,0,1,0,-0.94,0,0.342,-5.467,-51.698,15.037,"S","J"],[109.949,-0.668,-222.608,0.342,0,0.94,0,1,0,-0.94,0,0.342,-5.468,-52.587,15.037,"S","J"],[109.932,-0.834,-222.561,0.342,0,0.94,0,1,0,-0.94,0,0.342,-5.468,-53.196,15.037,"S","J"],[109.884,-1.317,-222.428,0.342,0,0.94,0,1,0,-0.94,0,0.342,-5.468,-54.938,15.037,"S","J"],[109.861,-1.544,-222.363,0.342,0,0.94,0,1,0,-0.94,0,0.342,-5.468,-54.183,15.037,"S","J"],[109.816,-1.639,-222.241,0.342,0,0.94,0,1,0,-0.94,0,0.342,-5.468,-2.594,15.037,7,"J"],[109.797,-1.608,-222.187,0.342,0,0.94,0,1,0,-0.94,0,0.342,-5.468,7.48,15.037,"S","J"],[109.748,-1.467,-222.053,0.342,0,0.94,0,1,0,-0.94,0,0.342,-5.468,17.336,15.037,"S","J"],[109.72,-1.379,-221.978,0.342,0,0.94,0,1,0,-0.94,0,0.342,-5.468,17.6,15.037,"S","J"],[109.693,-1.297,-221.903,0.342,0,0.94,0,1,0,-0.94,0,0.342,-5.468,16.469,15.037,"S","J"],[109.665,-1.219,-221.825,0.342,0,0.94,0,1,0,-0.94,0,0.342,-5.468,14.749,15.037,"S","J"],[109.624,-1.127,-221.713,0.342,0,0.94,0,1,0,-0.94,0,0.342,-5.468,12.071,15.037,"S","J"],[109.572,-1.019,-221.569,0.342,0,0.94,0,1,0,-0.94,0,0.342,-5.468,10.887,15.037,"S","J"],[109.535,-0.892,-221.467,0.342,0,0.94,0,1,0,-0.94,0,0.342,-5.468,16.731,15.037,8,"J"],[109.495,-0.547,-221