[[135.142,-16.498,-202.569,-0.265,0,-0.964,0,1,0,0.964,0,-0.265,15.409,0,4.234,8,0],[135.241,-16.498,-202.542,-0.265,0,-0.964,0,1,0,0.964,0,-0.265,15.421,0,4.242,"S","J"],[135.334,-16.498,-202.516,-0.265,0,-0.964,0,1,0,0.964,0,-0.265,15.425,0,4.245,"S","J"],[135.39,-16.498,-202.501,-0.265,0,-0.964,0,1,0,0.964,0,-0.265,15.426,0,4.245,"S","J"],[135.517,-16.498,-202.466,-0.265,0,-0.964,0,1,0,0.964,0,-0.265,"v","S","J"],[135.583,-16.498,-202.448,-0.265,0,-0.964,0,1,0,0.964,0,-0.265,"v","S","J"],[135.71,-16.498,-202.413,-0.265,0,-0.964,0,1,0,0.964,0,-0.265,"v","S","J"],[135.784,-16.498,-202.393,-0.265,0,-0.964,0,1,0,0.964,0,-0.265,"v","S","J"],[135.858,-16.498,-202.373,-0.265,0,-0.964,0,1,0,0.964,0,-0.265,"v","S","J"],[135.966,-16.498,-202.342,-0.265,0,-0.964,0,1,0,0.964,0,-0.265,"v","S","J"],[136.032,-16.498,-202.325,-0.265,0,-0.964,0,1,0,0.964,0,-0.265,"v","S","J"],[136.172,-16.498,-202.286,-0.265,0,-0.964,0,1,0,0.964,0,-0.265,"v","S","J"],[136.234,-16.498,-202.269,-0.265,0,-0.964,0,1,0,0.964,0,-0.265,"v","S","J"],[136.329,-16.498,-202.243,-0.265,0,-0.964,0,1,0,0.964,0,-0.265,"v","S","J"],[136.423,-16.498,-202.217,-0.265,0,-0.964,0,1,0,0.964,0,-0.265,"v","S","J"],[136.503,-16.498,-202.195,-0.269,0,-0.963,0,1,0,0.963,0,-0.269,"v","S","J"],[136.6,-16.498,-202.168,-0.272,0,-0.962,0,1,0,0.962,0,-0.272,"v","S","J"],[136.681,-16.498,-202.146,-0.272,0,-0.962,0,1,0,0.962,0,-0.272,15.416,0,4.283,"S","J"],[136.765,-16.498,-202.122,-0.275,0,-0.961,0,1,0,0.961,0,-0.275,15.404,0,4.325,"S","J"],[136.894,-16.498,-202.086,-0.275,0,-0.961,0,1,0,0.961,0,-0.275,15.396,0,4.353,"S","J"],[136.999,-16.498,-202.056,-0.275,0,-0.961,0,1,0,0.961,0,-0.275,15.386,0,4.389,"S","J"],[137.091,-16.498,-202.03,-0.275,0,-0.961,0,1,0,0.961,0,-0.275,15.385,0,4.394,"S","J"],[137.191,-16.498,-202.001,-0.275,0,-0.961,0,1,0,0.961,0,-0.275,15.384,0,4.396,"S","J"],[137.284,-16.498,-201.975,-0.275,0,-0.961,0,1,0,0.961,0,-0.275,"v","S","J"],[137.384,-16.498,-201.946,-0.275,0,-0.961,0,1,0,0.961,0,-0.275,"v","S","J"],[137.449,-16.498,-201.928,-0.275,0,-0.961,0,1,0,0.961,0,-0.275,"v","S","J"],[137.521,-16.498,-201.907,-0.275,0,-0.961,0,1,0,0.961,0,-0.275,"v","S","J"],[137.628,-16.498,-201.877,-0.275,0,-0.961,0,1,0,0.961,0,-0.275,"v","S","J"],[137.741,-16.498,-201.844,-0.275,0,-0.961,0,1,0,0.961,0,-0.275,"v","S","J"],[137.821,-16.498,-201.821,-0.275,0,-0.961,0,1,0,0.961,0,-0.275,"v","S","J"],[137.896,-16.473,-201.8,-0.275,0,-0.961,0,1,0,0.961,0,-0.275,15.384,2.938,4.396,"S","J"],[138.007,-16.095,-201.768,-0.275,0,-0.961,0,1,0,0.961,0,-0.275,15.384,48.297,4.396,3,"J"],[138.114,-15.734,-201.738,-0.275,0,-0.961,0,1,0,0.961,0,-0.275,15.384,51.779,4.396,"S","J"],[138.226,-15.363,-201.706,-0.275,0,-0.961,0,1,0,0.961,0,-0.275,15.384,50.346,4.396,5,"J"],[138.279,-15.191,-201.691,-0.275,0,-0.961,0,1,0,0.961,0,-0.275,15.384,49.666,4.396,"S","J"],[138.365,-14.919,-201.665,-0.275,0,-0.961,0,1,0,0.961,0,-0.275,15.384,48.569,4.396,"S","J"],[138.476,-14.575,-201.634,-0.275,0,-0.961,0,1,0,0.961,0,-0.275,15.384,47.15,4.396,"S","J"],[138.6,-14.205,-201.598,-0.275,0,-0.961,0,1,0,0.961,0,-0.275,15.384,45.566,4.396,"S","J"],[138.663,-14.023,-201.581,-0.275,0,-0.961,0,1,0,0.961,0,-0.275,15.384,44.771,4.396,"S","J"],[138.735,-13.819,-201.561,-0.275,0,-0.961,0,1,0,0.961,0,-0.275,15.384,43.857,4.396,"S","J"],[138.864,-13.459,-201.523,-0.275,0,-0.961,0,1,0,0.961,0,-0.275,15.384,42.202,4.396,"S","J"],[138.925,-13.297,-201.506,-0.275,0,-0.961,0,1,0,0.961,0,-0.275,15.384,41.431,4.396,"S","J"],[139.048,-12.974,-201.471,-0.275,0,-0.961,0,1,0,0.961,0,-0.275,15.384,39.859,4.396,"S","J"],[139.138,-12.747,-201.445,-0.275,0,-0.961,0,1,0,0.961,0,-0.275,15.384,38.708,4.396,"S","J"],[139.239,-12.497,-201.416,-0.275,0,-0.961,0,1,0,0.961,0,-0.275,15.384,37.415,4.396,"S","J"],[139.311,-12.329,-201.396,-0.275,0,-0.961,0,1,0,0.961,0,-0.275,15.384,36.505,4.396,"S","J"],[139.434,-12.046,-201.36,-0.275,0,-0.961,0,1,0,0.961,0,-0.275,15.384,34.938,4.396,"S","J"],[139.517,-11.863,-201.337,-0.275,0,-0.961,0,1,0,0.961,0,-0.275,15.384,33.877,4.396,"S","J"],[139.571,-11.746,-201.321,-0.275,0,-0.961,0,1,0,0.961,0,-0.275,15.384,33.183,4.396,"S","J"],[139.699,-11.48,-201.285,-0.275,0,-0.961,0,1,0,0.961,0,-0.275,15.384,31.557,4.396,"S","J"],[139.759,-11.359,-201.268,-0.275,0,-0.961,0,1,0,0.961,0,-0.275,15.384,30.784,4.396,"S","J"],[139.869,-11.147,-201.236,-0.275,0,-0.961,0,1,0,0.961,0,-0.275,15.384,29.382,4.396,"S","J"],[139.954,-10.991,-201.212,-0.275,0,-0.961,0,1,0,0.961,0,-0.275,15.384,28.306,4.396,"S","J"],[140.076,-10.777,-201.177,-0.275,0,-0.961,0,1,0,0.961,0,-0.275,15.384,26.755,4.396,"S","J"],[140.15,-10.65,-201.156,-0.275,0,-0.961,0,1,0,0.961,0,-0.275,15.384,25.8,4.396,"S","J"],[140.227,-10.527,-201.134,-0.275,0,-0.961,0,1,0,0.961,0,-0.275,15.384,24.822,4.396,"S","J"],[140.318,-10.384,-201.108,-0.275,0,-0.961,0,1,0,0.961,0,-0.275,15.384,23.654,4.396,"S","J"],[140.461,-10.177,-201.067,-0.275,0,-0.961,0,1,0,0.961,0,-0.275,15.384,21.829,4.396,"S","J"],[140.547,-10.061,-201.042,-0.275,0,-0.961,0,1,0,0.961,0,-0.275,15.383,20.735,4.401,"S","J"],[140.638,-9.944,-201.016,-0.276,0,-0.961,0,1,0,0.961,0,-0.276,15.378,19.577,4.416,"S","J"],[140.725,-9.837,-200.991,-0.276,0,-0.961,0,1,0,0.961,0,-0.276,15.378,18.456,4.419,"S","J"],[140.8,-9.753,-200.969,-0.276,0,-0.961,0,1,0,0.961,0,-0.276,15.378,17.501,4.419,"S","J"],[140.916,-9.629,-200.937,-0.276,0,-0.961,0,1,0,0.961,0,-0.276,15.377,16.019,4.42,"S","J"],[140.995,-9.552,-200.914,-0.276,0,-0.961,0,1,0,0.961,0,-0.276,15.377,15.023,4.42,"S","J"],[141.098,-9.458,-200.884,-0.276,0,-0.961,0,1,0,0.961,0,-0.276,15.377,13.708,4.42,"S","J"],[141.21,-9.367,-200.852,-0.276,0,-0.961,0,1,0,0.961,0,-0.276,15.377,12.282,4.42,"S","J"],[141.271,-9.322,-200.834,-0.276,0,-0.961,0,1,0,0.961,0,-0.276,15.377,11.497,4.42,"S","J"],[141.364,-9.257,-200.808,-0.276,0,-0.961,0,1,0,0.961,0,-0.276,15.377,10.306,4.42,"S","J"],[141.472,-9.194,-200.776,-0.276,0,-0.961,0,1,0,0.961,0,-0.276,15.377,8.929,4.42,"S","J"],[141.558,-9.148,-200.752,-0.276,0,-0.961,0,1,0,0.961,0,-0.276,15.377,7.837,4.42,"S","J"],[141.666,-9.102,-200.721,-0.276,0,-0.961,0,1,0,0.961,0,-0.276,15.377,6.454,4.42,"S","J"],[141.764,-9.066,-200.693,-0.276,0,-0.961,0,1,0,0.961,0,-0.276,15.377,5.204,4.42,"S","J"],[141.852,-9.043,-200.667,-0.276,0,-0.961,0,1,0,0.961,0,-0.276,15.377,4.077,4.42,"S","J"],[141.932,-9.025,-200.644,-0.276,0,-0.961,0,1,0,0.961,0,-0.276,15.377,3.064,4.42,"S","J"],[142.01,-9.014,-200.622,-0.276,0,-0.961,0,1,0,0.961,0,-0.276,15.377,2.075,4.42,"S","J"],[142.13,-9.009,-200.587,-0.276,0,-0.961,0,1,0,0.961,0,-0.276,15.377,0.536,4.42,"S","J"],[142.21,-9.01,-200.564,-0.276,0,-0.961,0,1,0,0.961,0,-0.276,15.377,-0.487,4.42,"S","J"],[142.305,-9.02,-200.537,-0.276,0,-0.961,0,1,0,0.961,0,-0.276,15.377,-1.696,4.42,"S","J"],[142.396,-9.035,-200.511,-0.276,0,-0.961,0,1,0,0.961,0,-0.276,15.377,-2.864,4.42,"S","J"],[142.497,-9.062,-200.482,-0.276,0,-0.961,0,1,0,0.961,0,-0.276,15.377,-4.15,4.42,"S","J"],[142.61,-9.099,-200.449,-0.276,0,-0.961,0,1,0,0.961,0,-0.276,15.377,-5.589,4.42,"S","J"],[142.654,-9.117,-200.436,-0.276,0,-0.961,0,1,0,0.961,0,-0.276,15.377,-6.155,4.42,"S","J"],[142.742,-9.159,-200.412,-0.276,0,-0.961,0,1,0,0.961,0,-0.276,15.377,-7.268,4.42,"S","J"],[142.87,-9.23,-200.375,-0.276,0,-0.961,0,1,0,0.961,0,-0.276,15.377,-8.906,4.42,"S","J"],[142.972,-9.295,-200.345,-0.276,0,-0.961,0,1,0,0.961,0,-0.276,15.377,-10.203,4.42,"S","J"],[143.031,-9.337,-200.328,-0.276,0,-0.961,0,1,0,0.961,0,-0.276,15.377,-10.96,4.42,"S","J"],[143.139,-9.422,-200.298,-0.276,0,-0.961,0,1,0,0.961,0,-0.276,15.377,-12.331,4.42,"S","J"],[143.232,-9.502,-200.271,-0.276,0,-0.961,0,1,0,0.961,0,-0.276,15.377,-13.519,4.42,"S","J"],[143.329,-9.595,-200.243,-0.276,0,-0.961,0,1,0,0.961,0,-0.276,15.377,-14.761,4.42,"S","J"],[143.424,-9.692,-200.215,-0.276,0,-0.961,0,1,0,0.961,0,-0.276,15.377,-15.974,4.42,"S","J"],[143.554,-9.839,-200.178,-0.276,0,-0.961,0,1,0,0.961,0,-0.276,15.377,-17.643,4.42,"S","J"],[143.631,-9.93,-200.156,-0.276,0,-0.961,0,1,0,0.961,0,-0.276,15.377,-18.619,4.42,"S","J"],[143.67,-9.978,-200.145,-0.276,0,-0.961,0,1,0,0.961,0,-0.276,15.377,-19.111,4.42,"S","J"],[143.753,-10.088,-200.121,-0.276,0,-0.961,0,1,0,0.961,0,-0.276,15.377,-20.171,4.42,"S","J"],[143.888,-10.275,-200.082,-0.276,0,-0.961,0,1,0,0.961,0,-0.276,15.377,-21.892,4.42,"S","J"],[143.94,-10.353,-200.067,-0.276,0,-0.961,0,1,0,0.961,0,-0.276,15.377,-22.559,4.42,"S","J"],[144.07,-10.553,-200.03,-0.276,0,-0.961,0,1,0,0.961,0,-0.276,15.377,-24.22,4.42,"S","J"],[144.155,-10.694,-200.005,-0.276,0,-0.961,0,1,0,0.961,0,-0.276,15.377,-25.304,4.42,"S","J"],[144.279,-10.906,-199.969,-0.276,0,-0.961,0,1,0,0.961,0,-0.276,15.377,-26.885,4.42,"S","J"],[144.373,-11.078,-199.943,-0.276,0,-0.961,0,1,0,0.961,0,-0.276,15.377,-28.087,4.42,"S","J"],[144.472,-11.265,-199.915,-0.276,0,-0.961,0,1,0,0.961,0,-0.276,15.377,-29.344,4.42,"S","J"],[144.568,-11.452,-199.887,-0.276,0,-0.961,0,1,0,0.961,0,-0.276,15.377,-30.562,4.42,"S","J"],[144.642,-11.603,-199.865,-0.276,0,-0.961,0,1,0,0.961,0,-0.276,15.377,-31.505,4.42,"S","J"],[144.737,-11.806,-199.838,-0.276,0,-0.961,0,1,0,0.961,0,-0.276,15.377,-32.724,4.42,"S","J"],[144.828,-12.005,-199.812,-0.276,0,-0.961,0,1,0,0.961,0,-0.276,15.377,-33.887,4.42,"S","J"],[144.918,-12.209,-199.786,-0.276,0,-0.961,0,1,0,0.961,0,-0.276,15.377,-35.03,4.42,"S","J"],[145.016,-12.44,-199.758,-0.276,0,-0.961,0,1,0,0.961,0,-0.276,15.377,-36.292,4.42,"S","J"],[145.1,-12.643,-199.733,-0.276,0,-0.961,0,1,0,0.961,0,-0.276,15.377,-37.358,4.42,"S","J"],[145.212,-12.924,-199.702,-0.276,0,-0.961,0,1,0,0.961,0,-0.276,15.377,-38.795,4.42,"S","J"],[145.252,-13.026,-199.69,-0.276,0,-0.961,0,1,0,0.961,0,-0.276,15.377,-39.303,4.42,7,"J"],[145.415,-13.458,-199.643,-0.276,0,-0.961,0,1,0,0.961,0,-0.276,15.377,-41.377,4.42,"S","J"],[145.491,-13.597,-199.621,-0.276,0,-0.961,0,1,0,0.961,0,-0.276,15.377,-32.006,4.42,"S","J"],[145.592,-13.694,-199.592,-0.276,0,-0.961,0,1,0,0.961,0,-0.276,15.377,-9.267,4.42,"S","J"],[145.658,-13.704,-199.574,-0.276,0,-0.961,0,1,0,0.961,0,-0.276,15.377,-2.244,4.42,"S","J"],[145.737,-13.682,-199.55,-0.276,0,-0.961,0,1,0,0.961,0,-0.276,15.377,3.861,4.42,"S","J"],[145.857,-13.628,-199.516,-0.276,0,-0.961,0,1,0,0.961,0,-0.276,15.377,7.696,4.42,"S","J"],[145.925,-13.592,-199.497,-0.276,0,-0.961,0,1,0,0.961,0,-0.276,15.377,7.895,4.42,"S","J"],[146.028,-13.544,-199.467,-0.276,0,-0.961,0,1,0,0.961,0,-0.276,15.377,7.192,4.42,8,"J"],[146.118,-13.5,-199.441,-0.276,0,-0.961,0,1,0,0.961,0,-0.276,15.377,7.371,4.42,"S","J"],[146.221,-13.442,-199.411,-0.276,0,-0.961,0,1,0,0.961,0,-0.276,15.377,8.608,4.42,"S","J"],[146.312,-13.391,-199.385,-0.276,0,-0.961,0,1,0,0.961,0,-0.276,15.377,8.535,4.42,"S","J"],[146.398,-13.348,-199.361,-0.276,0,-0.961,0,1,0,0.961,0,-0.276,15.377,7.656,4.42,"S","J"],[146.488,-13.294,-199.335,-0.276,0,-0.961,0,1,0,0.961,0,-0.276,15.377,8.791,4.42,"S","J"],[146.569,-13.244,-199.311,-0.276,0,-0.961,0,1,0,0.961,0,-0.276,15.377,9.547,4.42,"S","J"],[146.673,-13.185,-199.282,-0.276,0,-0.961,0,1,0,0.961,0,-0.276,15.377,8.639,4.42,"S","J"],[146.748,-13.146,-199.26,-0.276,0,-0.961,0,1,0,0.961,0,-0.276,15.377,7.768,4.42,"S","J"],[146.844,-13.095,-199.232,-0.276,0,-0.961,0,1,0,0.961,0,-0.276,15.377,7.921,4.42,"S","J"],[146.97,-13.022,-199.196,-0.276,0,-0.961,0,1,0,0.961,0,-0.276,15.377,9.072,4.42,"S","J"],[147.067,-12.97,-199.168,-0.276,0,-0.961,0,1,0,0.961,0,-0.276,15.377,8.168,4.42,"S","J"],[147.151,-12.928,-199.144,-0.276,0,-0.961,0,1,0,0.961,0,-0.276,15.377,7.194,4.42,"S","J"],[147.228,-12.888,-199.122,-0.276,0,-0.961,0,1,0,0.961,0,-0.276,15.377,7.652,4.42,"S","J"],[147.336,-12.826,-199.091,-0.276,0,-0.961,0,1,0,0.961,0,-0.276,15.377,8.927,4.42,"S","J"],[147.435,-12.774,-199.063,-0.276,0,-0.961,0,1,0,0.961,0,-0.276,15.377,8.17,4.42,"S","J"],[147.538,-12.724,-199.033,-0.276,0,-0.961,0,1,0,0.961,0,-0.276,15.377,7.04,4.42,"S","J"],[147.618,-12.682,-199.01,-0.276,0,-0.961,0,1,0,0.961,0,-0.276,15.377,7.615,4.42,"S","J"],[147.738,-12.614,-198.975,-0.276,0,-0.961,0,1,0,0.961,0,-0.276,15.377,8.783,4.42,"S","J"],[147.829,-12.566,-198.949,-0.276,0,-0.961,0,1,0,0.961,0,-0.276,15.377,7.995,4.42,"S","J"],[147.926,-12.521,-198.922,-0.276,0,-0.961,0,1,0,0.961,0,-0.276,15.377,6.936,4.42,"S","J"],[148.014,-12.474,-198.896,-0.276,0,-0.961,0,1,0,0.961,0,-0.276,15.377,7.787,4.42,"S","J"],[148.116,-12.417,-198.867,-0.276,0,-0.961,0,1,0,0.961,0,-0.276,15.377,8.767,4.42,"S","J"],[148.17,-12.388,-198.851,-0.276,0,-0.961,0,1,0,0.961,0,-0.276,15.377,8.448,4.42,"S","J"],[148.305,-12.027,-198.812,-0.276,0,-0.961,0,1,0,0.961,0,-0.276,15.377,42.863,4.42,"S","J"],[148.373,-11.794,-198.793,-0.276,0,-0.961,0,1,0,0.961,0,-0.276,15.377,52.5,4.42,3,"J"],[148.457,-11.513,-198.769,-0.276,0,-0.961,0,1,0,0.961,0,-0.276,15.377,51.428,4.42,5,"J"],[148.548,-11.214,-198.742,-0.276,0,-0.961,0,1,0,0.961,0,-0.276,15.377,50.267,4.42,"S","J"],[148.648,-10.893,-198.714,-0.276,0,-0.961,0,1,0,0.961,0,-0.276,15.377,48.984,4.42,"S","J"],[148.762,-10.538,-198.681,-0.276,0,-0.961,0,1,0,0.961,0,-0.276,15.377,47.535,4.42,"S","J"],[148.831,-10.329,-198.661,-0.276,0,-0.961,0,1,0,0.961,0,-0.276,15.377,46.651,4.42,"S","J"],[148.934,-10.022,-198.631,-0.276,0,-0.961,0,1,0,0.961,0,-0.276,15.377,45.333,4.42,"S","J"],[149.027,-9.757,-198.605,-0.276,0,-0.961,0,1,0,0.961,0,-0.276,15.377,44.156,4.42,"S","J"],[149.123,-9.489,-198.577,-0.276,0,-0.961,0,1,0,0.961,0,-0.276,15.377,42.939,4.42,"S","J"],[149.186,-9.314,-198.559,-0.276,0,-0.961,0,1,0,0.961,0,-0.276,15.377,42.126,4.42,"S","J"],[149.269,-9.093,-198.535,-0.276,0,-0.961,0,1,0,0.961,0,-0.276,15.377,41.07,4.42,"S","J"],[149.388,-8.782,-198.501,-0.276,0,-0.961,0,1,0,0.961,0,-0.276,15.377,39.545,4.42,"S","J"],[149.481,-8.551,-198.474,-0.276,0,-0.961,0,1,0,0.961,0,-0.276,15.377,38.361,4.42,"S","J"],[149.566,-8.341,-198.45,-0.276,0,-0.961,0,1,0,0.961,0,-0.276,15.377,37.269,4.42,"S","J"],[149.632,-8.186,-198.431,-0.276,0,-0.961,0,1,0,0.961,0,-0.276,15.377,36.432,4.42,"S","J"],[149.767,-7.877,-198.392,-0.276,0,-0.961,0,1,0,0.961,0,-0.276,15.377,34.707,4.42,"S","J"],[149.863,-7.669,-198.365,-0.276,0,-0.961,0,1,0,0.961,0,-0.276,15.377,33.488,4.42,"S","J"],[149.956,-7.471,-198.338,-0.276,0,-0.961,0,1,0,0.961,0,-0.276,15.377,32.304,4.42,"S","J"],[150.047,-7.288,-198.312,-0.276,0,-0.961,0,1,0,0.961,0,-0.276,15.377,31.149,4.42,"S","J"],[150.16,-7.065,-198.279,-0.276,0,-0.961,0,1,0,0.961,0,-0.276,15.377,29.698,4.42,"S","J"],[150.229,-6.935,-198.26,-0.276,0,-0.961,0,1,0,0.961,0,-0.276,15.377,28.817,4.42,"S","J"],[150.28,-6.843,-198.245,-0.276,0,-0.961,0,1,0,0.961,0,-0.276,15.377,28.165,4.42,"S","J"],[150.399,-6.634,-198.211,-0.276,0,-0.961,0,1,0,0.961,0,-0.276,15.377,26.649,4.42,"S","J"],[150.473,-6.509,-198.189,-0.276,0,-0.961,0,1,0,0.961,0,-0.276,15.377,25.7,4.42,"S","J"],[150.562,-6.367,-198.164,-0.276,0,-0.961,0,1,0,0.961,0,-0.276,15.377,24.569,4.42,"S","J"],[150.668,-6.204,-198.133,-0.276,0,-0.961,0,1,0,0.961,0,-0.276,15.377,23.213,4.42,"S","J"],[150.782,-6.04,-198.1,-0.276,0,-0.961,0,1,0,0.961,0,-0.276,15.377,21.761,4.42,"S","J"],[150.902,-5.881,-198.066,-0.276,0,-0.961,0,1,0,0.961,0,-0.276,15.377,20.234,4.42,"S","J"],[150.981,-5.781,-198.043,-0.276,0,-0.961,0,1,0,0.961,0,-0.276,15.377,19.223,4.42,"S","J"],[151.072,-5.675,-198.018,-0.276,0,-0.961,0,1,0,0.961,0,-0.276,15.377,18.071,4.42,"S","J"],[151.168,-5.567,-197.99,-0.276,0,-0.961,0,1,0,0.961,0,-0.276,15.377,16.841,4.42,"S","J"],[151.262,-5.471,-197.962,-0.276,0,-0.961,0,1,0,0.961,0,-0.276,15.377,15.633,4.42,"S","J"],[151.364,-5.373,-197.933,-0.276,0,-0.961,0,1,0,0.961,0,-0.276,15.377,14.332,4.42,"S","J"],[151.432,-5.314,-197.913,-0.276,0,-0.961,0,1,0,0.961,0,-0.276,15.377,13.469,4.42,"S","J"],[151.548,-5.22,-197.88,-0.276,0,-0.961,0,1,0,0.961,0,-0.276,15.377,11.984,4.42,"S","J"],[151.627,-5.163,-197.857,-0.276,0,-0.961,0,1,0,0.961,0,-0.276,15.377,10.98,4.42,"S","J"],[151.701,-5.115,-197.836,-0.276,0,-0.961,0,1,0,0.961,0,-0.276,15.377,10.028,4.42,"S","J"],[151.793,-5.061,-197.81,-0.276,0,-0.961,0,1,0,0.961,0,-0.276,15.377,8.866,4.42,"S","J"],[151.904,-5.007,-197.778,-0.276,0,-0.961,0,1,0,0.961,0,-0.276,15.377,7.454,4.42,"S","J"],[152.009,-4.962,-197.747,-0.276,0,-0.961,0,1,0,0.961,0,-0.276,15.377,6.105,4.42,"S","J"],[152.097,-4.933,-197.722,-0.276,0,-0.961,0,1,0,0.961,0,-0.276,15.377,4.979,4.42,"S","J"],[152.213,-4.903,-197.689,-0.276,0,-0.961,0,1,0,0.961,0,-0.276,15.377,3.504,4.42,"S","J"],[152.277,-4.892,-197.67,-0.276,0,-0.961,0,1,0,0.961,0,-0.276,15.377,2.68,4.42,"S","J"],[152.378,-4.883,-197.641,-0.276,0,-0.961,0,1,0,0.961,0,-0.276,15.377,1.399,4.42,"S","J"],[152.568,-4.884,-197.587,-0.276,0,-0.961,0,1,0,0.961,0,-0.276,15.377,-1.028,4.42,"S","J"],[152.654,-4.896,-197.562,-0.276,0,-0.961,0,1,0,0.961,0,-0.276,15.377,-2.126,4.42,"S","J"],[152.78,-4.923,-197.526,-0.276,0,-0.961,0,1,0,0.961,0,-0.276,15.377,-3.731,4.42,"S","J"],[152.867,-4.949,-197.501,-0.276,0,-0.961,0,1,0,0.961,0,-0.276,15.377,-4.843,4.42,"S","J"],[152.967,-4.963,-197.473,-0.276,0,-0.961,0,1,0,0.961,0,-0.276,15.377,-2.308,4.42,7,"J"],[153.057,-4.968,-197.446,-0.276,0,-0.961,0,1,0,0.961,0,-0.276,15.377,-0.218,4.42,"S","J"],[153.16,-4.964,-197.416,-0.276,0,-0.961,0,1,0,0.961,0,-0.276,15.377,0.5,4.42,"S","J"],[153.243,-4.96,-197.393,-0.276,0,-0.961,0,1,0,0.961,0,-0.276,15.377,0.792,4.42,"S","J"],[153.354,-4.954,-197.361,-0.276,0,-0.961,0,1,0,0.961,0,-0.276,15.377,0.801,4.42,"S","J"],[153.429,-4.951,-197.34,-0.276,0,-0.961,0,1,0,0.961,0,-0.276,15.377,0.645,4.42,"S","J"],[153.542,-4.949,-197.307,-0.276,0,-0.961,0,1,0,0.961,0,-0.276,15.377,0.329,4.42,"S","J"],[153.617,-4.948,-197.285,-0.276,0,-0.961,0,1,0,0.961,0,-0.276,15.377,0.193,4.42,"S","J"],[153.697,-4.947,-197.262,-0.276,0,-0.961,0,1,0,0.961,0,-0.276,15.377,0.119,4.42,8,"J"],[153.807,-4.946,-197.231,-0.276,0,-0.961,0,1,0,0.961,0,-0.276,15.377,0.124,4.42,"S","J"],[153.879,-4.947,-197.21,-0.276,0,-0.961,0,1,0,0.961,0,-0.276,15.377,-0.313,4.42,"S","J"],[153.978,-4.953,-197.182,-0.276,0,-0.961,0,1,0,0.961,0,-0.276,15.377,-0.749,4.42,"S","J"],[154.066,-4.959,-197.157,-0.276,0,-0.961,0,1,0,0.961,0,-0.276,15.377,-0.605,4.42,"S","J"],[154.129,-4.96,-197.138,-0.276,0,-0.961,0,1,0,0.961,0,-0.276,15.377,-0.239,4.42,"S","J"],[154.234,-4.96,-197.108,-0.276,0,-0.961,0,1,0,0.961,0,-0.276,15.377,-0.03,4.42,"S","J"],[154.327,-4.96,-197.081,-0.276,0,-0.961,0,1,0,0.961,0,-0.276,15.377,0.009,4.42,"S","J"],[154.427,-4.96,-197.053,-0.276,0,-0.961,0,1,0,0.961,0,-0.276,15.377,0.021,4.42,"S","J"],[154.515,-4.96,-197.027,-0.276,0,-0.961,0,1,0,0.961,0,-0.276,15.377,0.025,4.42,"S","J"],[154.61,-4.965,-197,-0.276,0,-0.961,0,1,0,0.961,0,-0.276,15.377,-0.753,4.42,"S","J"],[154.714,-4.972,-196.97,-0.276,0,-0.961,0,1,0,0.961,0,-0.276,15.377,-1.174,4.42,"S","J"],[154.795,-4.974,-196.947,-0.276,0,-0.961,0,1,0,0.961,0,-0.276,15.377,-0.566,4.42,"S","J"],[154.899,-4.976,-196.917,-0.276,0,-0.961,0,1,0,0.961,0,-0.276,15.377,-0.08,4.42,"S","J"],[155.004,-4.982,-196.887,-0.276,0,-0.961,0,1,0,0.961,0,-0.276,15.377,-0.901,4.42,"S","J"],[155.086,-4.987,-196.863,-0.276,0,-0.961,0,1,0,0.961,0,-0.276,15.377,-1.309,4.42,"S","J"],[155.169,-4.99,-196.839,-0.276,0,-0.961,0,1,0,0.961,0,-0.276,15.377,-0.538,4.42,"S","J"],[155.282,-4.991,-196.807,-0.276,0,-0.961,0,1,0,0.961,0,-0.276,15.377,0.042,4.42,"S","J"],[155.357,-4.989,-196.785,-0.276,0,-0.961,0,1,0,0.961,0,-0.276,15.377,0.175,4.42,"S","J"],[155.438,-4.988,-196.762,-0.276,0,-0.961,0,1,0,0.961,0,-0.276,15.377,0.221,4.42,"S","J"],[155.552,-4.986,-196.729,-0.276,0,-0.961,0,1,0,0.961,0,-0.276,15.377,0.234,4.42,"S","J"],[155.628,-4.986,-196.707,-0.276,0,-0.961,0,1,0,0.961,0,-0.276,15.377,0.214,4.42,"S","J"],[155.721,-4.985,-196.681,-0.276,0,-0.961,0,1,0,0.961,0,-0.276,15.377,0.186,4.42,"S","J"],[155.819,-4.984,-196.653,-0.276,0,-0.961,0,1,0,0.961,0,-0.276,15.377,0.155,4.42,"S","J"],[155.935,-4.982,-196.619,-0.276,0,-0.961,0,1,0,0.961,0,-0.276,15.377,0.121,4.42,"S","J"],[155.967,-4.982,-196.609,-0.276,0,-0.961,0,1,0,0.961,0,-0.276,15.377,0.113,4.42,"S","J"],[156.101,-4.981,-196.572,-0.276,0,-0.961,0,1,0,0.961,0,-0.276,15.377,0.083,4.42,"S","J"],[156.179,-4.981,-196.549,-0.276,0,-0.961,0,1,0,0.961,0,-0.276,15.377,0.07,4.42,"S","J"],[156.322,-4.98,-196.508,-0.276,0,-0.961,0,1,0,0.961,0,-0.276,15.377,0.05,4.42,"S","J"],[156.378,-4.98,-196.492,-0.276,0,-0.961,0,1,0,0.961,0,-0.276,15.377,0.044,4.42,"S","J"],[156.472,-4.98,-196.465,-0.276,0,-0.961,0,1,0,0.961,0,-0.276,15.377,0.035,4.42,"S","J"],[156.565,-4.98,-196.438,-0.276,0,-0.961,0,1,0,0.961,0,-0.276,15.377,0.028,4.42,"S","J"],[156.652,-4.98,-196.413,-0.276,0,-0.961,0,1,0,0.961,0,-0.276,15.377,0.023,4.42,"S","J"],[156.739,-4.98,-196.388,-0.276,0,-0.961,0,1,0,0.961,0,-0.276,15.377,0.018,4.42,"S","J"],[156.871,-4.979,-196.35,-0.276,0,-0.961,0,1,0,0.961,0,-0.276,15.377,0.013,4.42,"S","J"],[156.948,-4.979,-196.328,-0.276,0,-0.961,0,1,0,0.961,0,-0.276,15.377,0.011,4.42,"S","J"],[157.019,-4.981,-196.308,-0.275,0,-0.961,0,1,0,0.961,0,-0.275,15.38,-0.451,4.412,"S","J"],[157.13,-4.984,-196.276,-0.275,0,-0.961,0,1,0,0.961,0,-0.275,15.383,-0.341,4.399,"S","J"],[157.186,-4.985,-196.26,-0.275,0,-0.961,0,1,0,0.961,0,-0.275,15.384,-0.174,4.397,"S","J"],[157.28,-4.984,-196.233,-0.275,0,-0.961,0,1,0,0.961,0,-0.275,15.384,0.035,4.396,"S","J"],[157.383,-4.984,-196.204,-0.275,0,-0.961,0,1,0,0.961,0,-0.275,15.384,0.095,4.396,"S","J"],[157.48,-4.983,-196.176,-0.275,0,-0.961,0,1,0,0.961,0,-0.275,15.384,0.117,4.396,"S","J"],[157.617,-4.982,-196.137,-0.275,0,-0.961,0,1,0,0.961,0,-0.275,15.384,0.105,4.396,"S","J"],[157.668,-4.982,-196.123,-0.275,0,-0.961,0,1,0,0.961,0,-0.275,15.384,0.097,4.396,"S","J"],[157.751,-4.981,-196.098,-0.275,0,-0.961,0,1,0,0.961,0,-0.275,15.384,0.084,4.396,"S","J"],[157.881,-4.981,-196.062,-0.275,0,-0.961,0,1,0,0.961,0,-0.275,15.384,0.065,4.396,"S","J"],[157.967,-4.98,-196.037,-0.275,0,-0.961,0,1,0,0.961,0,-0.275,15.384,0.054,4.396,"S","J"],[158.064,-4.98,-196.01,-0.275,0,-0.961,0,1,0,0.961,0,-0.275,15.384,0.043,4.396,"S","J"],[158.119,-4.98,-195.994,-0.275,0,-0.961,0,1,0,0.961,0,-0.275,15.384,0.038,4.396,"S","J"],[158.224,-4.98,-195.964,-0.275,0,-0.961,0,1,0,0.961,0,-0.275,15.384,0.03,4.396,"S","J"],[158.309,-4.98,-195.939,-0.275,0,-0.961,0,1,0,0.961,0,-0.275,15.384,0.025,4.396,"S","J"],[158.421,-4.98,-195.907,-0.275,0,-0.961,0,1,0,0.961,0,-0.275,15.384,0.019,4.396,"S","J"],[158.478,-4.98,-195.891,-0.275,0,-0.961,0,1,0,0.961,0,-0.275,15.384,0.016,4.396,"S","J"],[158.623,-4.98,-195.85,-0.274,0,-0.962,0,1,0,0.962,0,-0.274,15.386,-0.104,4.39,"S","J"],[158.716,-4.984,-195.823,-0.273,0,-0.962,0,1,0,0.962,0,-0.273,15.39,-0.389,4.375,"S","J"],[158.808,-4.985,-195.797,-0.273,0,-0.962,0,1,0,0.962,0,-0.273,15.391,-0.104,4.373,"S","J"],[158.927,-4.984,-195.764,-0.273,0,-0.962,0,1,0,0.962,0,-0.273,15.391,0.073,4.372,"S","J"],[158.985,-4.984,-195.747,-0.273,0,-0.962,0,1,0,0.962,0,-0.273,15.391,0.103,4.372,"S","J"],[159.055,-4.984,-195.726,-0.273,0,-0.962,0,1,0,0.962,0,-0.273,15.391,0.115,4.371,"S","J"],[159.165,-4.983,-195.695,-0.273,0,-0.962,0,1,0,0.962,0,-0.273,15.391,0.112,4.371,"S","J"],[159.305,-4.982,-195.656,-0.273,0,-0.962,0,1,0,0.962,0,-0.273,15.391,0.092,4.371,"S","J"],[159.375,-4.981,-195.636,-0.273,0,-0.962,0,1,0,0.962,0,-0.273,15.391,0.081,4.371,"S","J"],[159.447,-4.981,-195.615,-0.273,0,-0.962,0,1,0,0.962,0,-0.273,15.391,0.07,4.371,"S","J"],[159.576,-4.981,-195.579,-0.273,0,-0.962,0,1,0,0.962,0,-0.273,15.391,0.053,4.371,"S","J"],[159.634,-4.98,-195.562,-0.273,0,-0.962,0,1,0,0.962,0,-0.273,15.391,0.047,4.371,"S","J"],[159.771,-4.98,-195.523,-0.273,0,-0.962,0,1,0,0.962,0,-0.273,15.391,0.034,4.371,"S","J"],[159.868,-4.98,-195.496,-0.273,0,-0.962,0,1,0,0.962,0,-0.273,15.391,0.027,4.371,"S","J"],[159.954,-4.98,-195.471,-0.273,0,-0.962,0,1,0,0.962,0,-0.273,15.391,0.022,4.371,"S","J"],[160.029,-4.98,-195.45,-0.273,0,-0.962,0,1,0,0.962,0,-0.273,15.391,0.018,4.371,"S","J"],[160.117,-4.98,-195.425,-0.273,0,-0.962,0,1,0,0.962,0,-0.273,15.391,0.015,4.371,"S","J"],[160.214,-4.979,-195.397,-0.273,0,-0.962,0,1,0,0.962,0,-0.273,15.391,0.012,4.371,"S","J"],[160.291,-4.979,-195.375,-0.273,0,-0.962,0,1,0,0.962,0,-0.273,15.391,0.01,4.371,"S","J"],[160.401,-4.979,-195.345,-0.273,0,-0.962,0,1,0,0.962,0,-0.273,15.391,0.008,4.371,"S","J"],[160.479,-4.979,-195.323,-0.273,0,-0.962,0,1,0,0.962,0,-0.273,15.391,0.006,4.371,"S","J"],[160.584,-4.979,-195.292,-0.273,0,-0.962,0,1,0,0.962,0,-0.273,15.391,0.005,4.371,"S","J"],[160.698,-4.979,-195.26,-0.273,0,-0.962,0,1,0,0.962,0,-0.273,15.391,0.004,4.371,"S","J"],[160.797,-4.979,-195.232,-0.273,0,-0.962,0,1,0,0.962,0,-0.273,15.391,0.003,4.371,"S","J"],[160.892,-4.979,-195.205,-0.273,0,-0.962,0,1,0,0.962,0,-0.273,15.391,0.003,4.371,"S","J"],[160.982,-4.979,-195.18,-0.273,0,-0.962,0,1,0,0.962,0,-0.273,15.391,0.002,4.371,"S","J"],[161.046,-4.979,-195.161,-0.273,0,-0.962,0,1,0,0.962,0,-0.273,15.391,0.002,4.371,"S","J"],[161.171,-4.979,-195.125,-0.273,0,-0.962,0,1,0,0.962,0,-0.273,15.391,0.001,4.371,"S","J"],[161.232,-4.979,-195.108,-0.273,0,-0.962,0,1,0,0.962,0,-0.273,"v","S","J"],[161.352,-4.979,-195.075,-0.273,0,-0.962,0,1,0,0.962,0,-0.273,"v","S","J"],[161.417,-4.979,-195.055,-0.273,0,-0.962,0,1,0,0.962,0,-0.273,"v","S","J"],[161.509,-4.979,-195.03,-0.273,0,-0.962,0,1,0,0.962,0,-0.273,15.391,0.001,4.371,"S","J"],[161.618,-4.979,-194.999,-0.273,0,-0.962,0,1,0,0.962,0,-0.273,15.391,0,4.371,"S","J"],[161.76,-4.979,-194.958,-0.273,0,-0.962,0,1,0,0.962,0,-0.273,"v","S","J"],[161.815,-4.979,-194.943,-0.273,0,-0.962,0,1,0,0.962,0,-0.273,"v","S","J"],[161.872,-4.979,-194.927,-0.273,0,-0.962,0,1,0,0.962,0,-0.273,"v","S","J"],[161.994,-4.979,-194.891,-0.273,0,-0.962,0,1,0,0.962,0,-0.273,"v","S","J"],[162.107,-4.979,-194.86,-0.273,0,-0.962,0,1,0,0.962,0,-0.273,"v","S","J"],[162.193,-4.979,-194.835,-0.273,0,-0.962,0,1,0,0.962,0,-0.273,"v","S","J"],[162.3,-4.979,-194.805,-0.273,0,-0.962,0,1,0,0.962,0,-0.273,"v","S","J"],[162.379,-4.979,-194.782,-0.273,0,-0.962,0,1,0,0.962,0,-0.273,"v","S","J"],[162.463,-4.979,-194.759,-0.273,0,-0.962,0,1,0,0.962,0,-0.273,"v","S","J"],[162.577,-4.979,-194.726,-0.273,0,-0.962,0,1,0,0.962,0,-0.273,"v","S","J"],[162.655,-4.979,-194.704,-0.273,0,-0.962,0,1,0,0.962,0,-0.273,"v","S","J"],[162.734,-4.979,-194.682,-0.273,0,-0.962,0,1,0,0.962,0,-0.273,"v","S","J"],[162.826,-4.979,-194.656,-0.273,0,-0.962,0,1,0,0.962,0,-0.273,"v","S","J"],[162.927,-4.979,-194.626,-0.273,0,-0.962,0,1,0,0.962,0,-0.273,"v","S","J"],[163.026,-4.979,-194.599,-0.273,0,-0.962,0,1,0,0.962,0,-0.273,"v","S","J"],[163.105,-4.979,-194.576,-0.273,0,-0.962,0,1,0,0.962,0,-0.273,"v","S","J"],[163.229,-4.979,-194.541,-0.273,0,-0.962,0,1,0,0.962,0,-0.273,"v","S","J"],[163.297,-4.979,-194.522,-0.273,0,-0.962,0,1,0,0.962,0,-0.273,"v","S","J"],[163.42,-4.979,-194.487,-0.273,0,-0.962,0,1,0,0.962,0,-0.273,"v","S","J"],[163.473,-4.979,-194.471,-0.273,0,-0.962,0,1,0,0.962,0,-0.273,"v","S","J"],[163.549,-4.979,-194.45,-0.273,0,-0.962,0,1,0,0.962,0,-0.273,"v","S","J"],[163.675,-4.979,-194.414,-0.273,0,-0.962,0,1,0,0.962,0,-0.273,"v","S","J"],[163.762,-4.979,-194.389,-0.273,0,-0.962,0,1,0,0.962,0,-0.273,"v","S","J"],[163.857,-4.979,-194.363,-0.273,0,-0.962,0,1,0,0.962,0,-0.273,"v","S","J"],[163.947,-4.979,-194.337,-0.273,0,-0.962,0,1,0,0.962,0,-0.273,"v","S","J"],[164.048,-4.979,-194.308,-0.273,0,-0.962,0,1,0,0.962,0,-0.273,"v","S","J"],[164.128,-4.979,-194.285,-0.273,0,-0.962,0,1,0,0.962,0,-0.273,"v","S","J"],[164.239,-4.979,-194.254,-0.273,0,-0.962,0,1,0,0.962,0,-0.273,"v","S","J"],[164.294,-4.979,-194.238,-0.273,0,-0.962,0,1,0,0.962,0,-0.273,"v","S","J"],[164.442,-4.979,-194.196,-0.273,0,-0.962,0,1,0,0.962,0,-0.273,"v","S","J"],[164.505,-4.979,-194.179,-0.273,0,-0.962,0,1,0,0.962,0,-0.273,"v","S","J"],[164.585,-4.979,-194.156,-0.273,0,-0.962,0,1,0,0.962,0,-0.273,"v","S","J"],[164.681,-4.979,-194.128,-0.273,0,-0.962,0,1,0,0.962,0,-0.273,"v","S","J"],[164.77,-4.979,-194.103,-0.273,0,-0.962,0,1,0,0.962,0,-0.273,"v","S","J"],[164.899,-4.979,-194.066,-0.273,0,-0.962,0,1,0,0.962,0,-0.273,"v","S","J"],[164.992,-4.979,-194.04,-0.273,0,-0.962,0,1,0,0.962,0,-0.273,"v","S","J"],[165.092,-4.979,-194.012,-0.273,0,-0.962,0,1,0,0.962,0,-0.273,"v","S","J"],[165.146,-4.979,-193.997,-0.273,0,-0.962,0,1,0,0.962,0,-0.273,"v","S","J"],[165.25,-4.979,-193.967,-0.273,0,-0.962,0,1,0,0.962,0,-0.273,"v","S","J"],[165.349,-4.979,-193.939,-0.273,0,-0.962,0,1,0,0.962,0,-0.273,"v","S","J"],[165.443,-4.979,-193.912,-0.273,0,-0.962,0,1,0,0.962,0,-0.273,"v","S","J"],[165.537,-4.979,-193.885,-0.273,0,-0.962,0,1,0,0.962,0,-0.273,"v","S","J"],[165.609,-4.979,-193.865,-0.273,0,-0.962,0,1,0,0.962,0,-0.273,"v","S","J"],[165.702,-4.979,-193.839,-0.273,0,-0.962,0,1,0,0.962,0,-0.273,"v","S","J"],[165.844,-4.979,-193.798,-0.273,0,-0.962,0,1,0,0.962,0,-0.273,"v","S","J"],[165.913,-4.979,-193.779,-0.273,0,-0.962,0,1,0,0.962,0,-0.273,"v","S","J"],[166.014,-4.979,-193.75,-0.273,0,-0.962,0,1,0,0.962,0,-0.273,"v","S","J"],[166.116,-4.979,-193.721,-0.273,0,-0.962,0,1,0,0.962,0,-0.273,"v","S","J"],[166.185,-4.979,-193.701,-0.273,0,-0.962,0,1,0,0.962,0,-0.273,"v","S","J"],[166.308,-4.979,-193.666,-0.273,0,-0.962,0,1,0,0.962,0,-0.273,"v","S","J"],[166.369,-4.979,-193.648,-0.273,0,-0.962,0,1,0,0.962,0,-0.273,"v","S","J"],[166.465,-4.979,-193.622,-0.273,0,-0.962,0,1,0,0.962,0,-0.273,"v","S","J"],[166.568,-4.979,-193.592,-0.273,0,-0.962,0,1,0,0.962,0,-0.273,"v","S","J"],[166.681,-4.979,-193.56,-0.273,0,-0.962,0,1,0,0.962,0,-0.273,"v","S","J"],[166.736,-4.979,-193.545,-0.273,0,-0.962,0,1,0,0.962,0,-0.273,"v","S","J"],[166.861,-4.979,-193.509,-0.273,0,-0.962,0,1,0,0.962,0,-0.273,"v","S","J"],[166.925,-4.979,-193.491,-0.273,0,-0.962,0,1,0,0.962,0,-0.273,"v","S","J"],[167.01,-4.979,-193.467,-0.273,0,-0.962,0,1,0,0.962,0,-0.273,"v","S","J"],[167.127,-4.979,-193.434,-0.273,0,-0.962,0,1,0,0.962,0,-0.273,"v","S","J"],[167.195,-4.979,-193.415,-0.273,0,-0.962,0,1,0,0.962,0,-0.273,"v","S","J"],[167.306,-4.979,-193.383,-0.273,0,-0.962,0,1,0,0.962,0,-0.273,"v","S","J"],[167.368,-4.979,-193.365,-0.273,0,-0.962,0,1,0,0.962,0,-0.273,"v","S","J"],[167.437,-4.943,-193.334,-0.273,0,-0.962,0,1,0,0.962,0,-0.273,13.793,8.732,6.39,"S","J"],[167.515,-4.537,-193.298,-0.273,0,-0.962,0,1,0,0.962,0,-0.273,13.793,71.882,6.39,3,"J"],[167.609,-4.049,-193.254,-0.273,0,-0.962,0,1,0,0.962,0,-0.273,13.748,71.162,6.447,5,"J"],[167.643,-3.632,-193.226,-0.273,0.001,-0.962,-0.001,1,0.001,0.962,0.001,-0.273,7.992,68.523,5.347,"S","J"],[167.603,-3.219,-193.218,-0.273,0.003,-0.962,-0.003,1,0.004,0.962,0.004,-0.273,-4.825,63.858,1.817,"S","J"],[167.585,-2.957,-193.209,-0.273,0.004,-0.962,-0.004,1,0.005,0.962,0.005,-0.273,-4.439,63.041,2.168,"S","J"],[167.567,-2.683,-193.197,-0.273,0.003,-0.962,-0.003,1,0.004,0.962,0.004,-0.273,-4.01,62.176,2.565,"S","J"],[167.54,-2.198,-193.172,-0.273,0.003,-0.962,-0.002,1,0.004,0.962,0.003,-0.273,-3.213,60.617,3.322,"S","J"],[167.523,-1.814,-193.146,-0.273,0.002,-0.962,-0.002,1,0.002,0.962,0.002,-0.273,-2.55,59.35,3.963,"S","J"],[167.508,-1.375,-193.113,-0.273,0.001,-0.962,-0.001,1,0.001,0.962,0.001,-0.273,-1.772,57.874,4.72,"S","J"],[167.504,-1.205,-193.098,-0.273,0.001,-0.962,-0.001,1,0.001,0.962,0.001,-0.273,-1.464,57.292,5.02,"S","J"],[167.498,-0.796,-193.056,-0.273,0.001,-0.962,0,1,0.001,0.962,0,-0.273,-0.704,55.857,5.758,"S","J"],[167.497,-0.484,-193.021,-0.273,0,-0.962,0,1,0,0.962,0,-0.273,-0.115,54.743,6.328,"S","J"],[167.5,0,-192.958,-0.273,0,-0.962,0,1,0,0.962,0,-0.273,0.484,52.968,7.279,"S","J"],[167.501,0.182,-192.931,-0.273,0,-0.962,0,1,0,0.962,0,-0.273,0.23,52.285,7.708,"S","J"],[167.5,0.428,-192.891,-0.273,0,-0.962,0,1,0,0.962,0,-0.273,-0.121,51.343,8.298,"S","J"],[167.497,0.712,-192.842,-0.273,0,-0.962,0,1,0,0.962,0,-0.273,-0.533,50.24,8.989,"S","J"],[167.494,1.105,-192.775,-0.273,0,-0.962,0,1,0,0.962,0,-0.273,-0.528,48.666,8.072,"S","J"],[167.491,1.393,-192.73,-0.273,0,-0.962,0,1,0,0.962,0,-0.273,-0.471,47.485,7.214,"S","J"],[167.489,1.564,-192.706,-0.273,0,-0.962,0,1,0,0.962,0,-0.273,-0.438,46.766,6.69,"S","J"],[167.486,1.937,-192.658,-0.273,0,-0.962,0,1,0,0.962,0,-0.273,-0.356,45.156,5.532,"S","J"],[167.486,2.061,-192.641,-0.273,0,-0.962,0,1,0,0.962,0,-0.273,-0.081,44.612,5.818,"S","J"],[167.488,2.26,-192.613,-0.273,0,-0.962,0,1,0,0.962,0,-0.273,0.373,43.716,6.287,"S","J"],[167.497,2.657,-192.548,-0.273,0,-0.962,0,1,0,0.962,0,-0.273,1.299,41.885,7.247,"S","J"],[167.504,2.83,-192.515,-0.273,0,-0.962,0,1,0,0.962,0,-0.273,1.72,41.053,7.684,"S","J"],[167.526,3.182,-192.441,-0.273,0,-0.962,0,1,0,0.962,0,-0.273,2.598,39.319,8.593,"S","J"],[167.536,3.321,-192.409,-0.273,0,-0.962,0,1,0,0.962,0,-0.273,2.957,38.61,8.965,"S","J"],[167.561,3.581,-192.343,-0.273,0,-0.962,0,1,0,0.962,0,-0.273,3.646,37.249,9.678,"S","J"],[167.597,3.879,-192.259,-0.273,0,-0.962,0,1,0,0.962,0,-0.273,4.549,35.618,10.054,"S","J"],[167.628,4.095,-192.198,-0.273,0,-0.962,0,1,0,0.962,0,-0.273,5.335,34.4,9.642,"S","J"],[167.658,4.257,-192.154,-0.273,0,-0.962,0,1,0,0.962,0,-0.273,5.948,33.45,9.32,"S","J"],[167.709,4.508,-192.084,-0.273,0,-0.962,0,1,0,0.962,0,-0.273,6.931,31.928,8.805,"S","J"],[167.753,4.684,-192.036,-0.273,0,-0.962,0,1,0,0.962,0,-0.273,7.656,30.804,8.425,"S","J"],[167.804,4.869,-191.986,-0.273,0,-0.962,0,1,0,0.962,0,-0.273,8.437,29.596,8.016,"S","J"],[167.846,5.001,-191.95,-0.273,0,-0.962,0,1,0,0.962,0,-0.273,9.025,28.685,7.709,"S","J"],[167.924,5.224,-191.891,-0.273,0,-0.962,0,1,0,0.962,0,-0.273,10.047,27.101,7.173,"S","J"],[167.982,5.362,-191.855,-0.273,0,-0.962,0,1,0,0.962,0,-0.273,10.721,26.058,6.819,"S","J"],[168.052,5.519,-191.814,-0.273,0,-0.962,0,1,0,0.962,0,-0.273,11.513,24.83,6.404,"S","J"],[168.122,5.656,-191.779,-0.273,0,-0.962,0,1,0,0.962,0,-0.273,12.239,23.705,6.023,"S","J"],[168.189,5.774,-191.75,-0.273,0,-0.962,0,1,0,0.962,0,-0.273,12.902,22.679,5.676,"S","J"],[168.288,5.933,-191.711,-0.273,0,-0.962,0,1,0,0.962,0,-0.273,13.824,21.25,5.193,"S","J"],[168.359,6.032,-191.687,-0.273,0,-0.962,0,1,0,0.962,0,-0.273,14.422,20.282,4.879,"S","J"],[168.474,6.178,-191.652,-0.273,0,-0.962,0,1,0,0.962,0,-0.273,15.188,18.796,4.478,"S","J"],[168.533,6.247,-191.635,-0.273,0,-0.962,0,1,0,0.962,0,-0.273,15.307,18.037,4.415,"S","J"],[168.655,6.382,-191.6,-0.273,0,-0.962,0,1,0,0.962,0,-0.273,15.379,16.477,4.378,"S","J"],[168.768,6.493,-191.568,-0.273,0,-0.962,0,1,0,0.962,0,-0.273,15.388,15.035,4.373,"S","J"],[168.858,6.577,-191.542,-0.273,0,-0.962,0,1,0,0.962,0,-0.273,15.391,13.886,4.372,"S","J"],[168.922,6.631,-191.524,-0.273,0,-0.962,0,1,0,0.962,0,-0.273,15.391,13.067,4.372,"S","J"],[169.022,6.711,-191.496,-0.273,0,-0.962,0,1,0,0.962,0,-0.273,14.894,11.995,4.231,"S","J"],[169.098,6.818,-191.474,-0.407,-0.001,-0.914,0,1,0,0.914,0,-0.407,14.348,14.4,4.075,12,"J"],[169.152,7.164,-191.456,-0.994,-0.003,-0.11,-0.003,1,0,0.11,0,-0.994,14.677,34.193,4.563,"S","J"],[169.216,7.388,-191.42,-0.999,-0.003,0.037,-0.003,1,-0.001,-0.037,-0.001,-0.999,12.486,43.351,6.819,8,"J"],[169.293,7.746,-191.349,-0.994,-0.001,0.11,-0.001,1,0,-0.11,0,-0.994,8.776,44.821,9.948,"S","J"],[169.315,7.873,-191.316,-0.978,-0.001,0.206,-0.001,1,0,-0.206,0,-0.978,7.236,42.902,10.954,"S","J"],[169.347,8.182,-191.209,-0.955,0,0.295,0,1,0,-0.295,0,-0.955,2.821,35.208,13.584,"S","J"],[169.346,8.342,-191.131,-0.926,0,0.379,0,1,0,-0.379,0,-0.926,-0.217,30.148,14.514,"S","J"],[169.328,8.495,-191.042,-0.906,0,0.423,0,1,0,-0.423,0,-0.906,-3.164,24.954,15.014,"S","J"],[169.288,8.652,-190.928,-0.868,0,0.496,0,1,0,-0.496,0,-0.868,-5.549,19.288,14.833,"S","J"],[169.244,8.761,-190.831,-0.849,0,0.529,0,1,0,-0.529,0,-0.849,-6.775,15.187,14.45,"S","J"],[169.218,8.807,-190.781,-0.832,0,0.555,0,1,0,-0.555,0,-0.832,-7.341,13.416,14.187,"S","J"],[169.161,8.884,-190.684,-0.818,0,0.575,0,1,0,-0.575,0,-0.818,-8.104,10.471,13.777,"S","J"],[169.116,8.931,-190.613,-0.804,0,0.594,0,1,0,-0.594,0,-0.804,-8.617,8.617,13.471,"S","J"],[169.043,8.987,-190.506,-0.797,0,0.605,0,1,0,-0.605,0,-0.797,-9.143,6.443,13.125,"S","J"],[169.002,9.012,-190.449,-0.788,0,0.615,0,1,0,-0.615,0,-0.788,-9.374,5.485,12.963,"S","J"],[168.938,9.041,-190.364,-0.783,0,0.622,0,1,0,-0.622,0,-0.783,-9.636,4.339,12.77,"S","J"],[168.872,9.066,-190.279,-0.803,0,0.596,0,1,0,-0.596,0,-0.803,-9.535,3.364,12.287,"S","J"],[168.833,9.145,-190.229,-0.894,0,0.449,0,1,0,-0.449,0,-0.894,-8.23,10.666,10.606,"S","J"],[168.774,9.52,-190.153,-0.916,0,0.402,0,1,0,-0.402,0,-0.916,-8.221,52.162,10.594,3,"J"],[168.73,9.813,-190.096,-0.954,0,0.301,0,1,0,-0.301,0,-0.954,-7.717,51.035,9.945,5,"J"],[168.674,10.198,-190.025,-0.978,0,0.207,0,1,0,-0.207,0,-0.978,-7.042,49.523,9.074,"S","J"],[168.643,10.424,-189.984,-0.993,0,0.116,0,1,0,-0.116,0,-0.993,-6.632,48.606,8.547,"S","J"],[168.596,10.792,-189.923,-1,0,0.011,0,1,0,-0.011,0,-1,-5.955,47.09,7.674,"S","J"],[168.572,10.995,-189.892,-0.995,0,-0.098,0,1,0,0.098,0,-0.995,-5.569,46.227,7.177,"S","J"],[168.536,11.316,-189.846,-0.969,0,-0.249,0,1,0,0.249,0,-0.969,-4.944,44.828,6.371,"S","J"],[168.514,11.518,-189.818,-0.945,0,-0.326,0,1,0,0.326,0,-0.945,-4.545,43.936,5.857,"S","J"],[168.49,11.773,-189.787,-0.909,0,-0.417,0,1,0,0.417,0,-0.909,-4.019,42.758,5.179,"S","J"],[168.467,12.046,-189.757,-0.865,0,-0.501,0,1,0,0.501,0,-0.865,-3.448,41.482,4.444,"S","J"],[168.453,12.238,-189.739,-0.787,0,-0.617,0,1,0,0.617,0,-0.787,-3.034,40.554,3.91,"S","J"],[168.431,12.572,-189.711,-0.735,0,-0.678,0,1,0,0.678,0,-0.735,-2.29,38.887,2.95,"S","J"],[168.424,12.719,-189.702,-0.68,0,-0.733,0,1,0,0.733,0,-0.68,-1.951,38.131,2.515,"S","J"],[168.413,13.013,-189.688,-0.621,0,-0.784,0,1,0,0.784,0,-0.621,-1.257,36.575,1.619,"S","J"],[168.408,13.185,-189.682,-0.568,0,-0.823,0,1,0,0.823,0,-0.568,-0.83,35.622,1.07,"S","J"],[168.407,13.313,-189.68,-0.547,0,-0.837,0,1,0,0.837,0,-0.547,-0.512,34.903,0.659,"S","J"],[168.406,13.46,-189.678,-0.537,0,-0.844,0,1,0,0.844,0,-0.537,-0.123,34.057,0.323,"S","J"],[168.409,13.627,-189.675,-0.526,0,-0.85,0,1,0,0.85,0,-0.526,0.496,33.064,0.699,"S","J"],[168.415,13.809,-189.669,-0.519,0,-0.855,0,1,0,0.855,0,-0.519,1.188,31.955,1.116,"S","J"],[168.431,14.06,-189.656,-0.513,0,-0.858,0,1,0,0.858,0,-0.513,2.2,30.349,1.704,"S","J"],[168.441,14.166,-189.649,-0.507,0,-0.862,0,1,0,0.862,0,-0.507,2.645,29.645,1.959,"S","J"],[168.456,14.308,-189.639,-0.5,0,-0.866,0,1,0,0.866,0,-0.5,3.255,28.684,2.304,"S","J"],[168.481,14.479,-189.621,-0.495,0,-0.869,0,1,0,0.869,0,-0.495,4.039,27.457,2.734,"S","J"],[168.515,14.674,-189.599,-0.487,0,-0.873,0,1,0,0.873,0,-0.487,4.958,26.026,3.228,"S","J"],[168.551,14.828,-189.576,-0.477,0,-0.879,0,1,0,0.879,0,-0.477,5.751,24.799,3.64,"S","J"],[168.579,14.939,-189.558,-0.468,0,-0.884,0,1,0,0.884,0,-0.468,6.336,23.899,3.938,"S","J"],[168.629,15.095,-189.529,-0.455,0,-0.891,0,1,0,0.891,0,-0.455,7.224,22.55,4.36,"S","J"],[168.677,15.231,-189.5,-0.443,0,-0.897,0,1,0,0.897,0,-0.443,8.039,21.323,4.728,"S","J"],[168.697,15.332,-189.478,-0.432,0,-0.902,0.001,1,-0.001,0.902,-0.002,-0.432,4.25,19.421,4.348,"S","J"],[168.711,15.453,-189.45,-0.416,0.001,-0.909,0.004,1,-0.001,0.909,-0.004,-0.416,0.648,17.23,4.038,"S","J"],[168.724,15.586,-189.413,-0.404,0.001,-0.915,0.005,1,-0.001,0.915,-0.005,-0.404,1.797,15.595,4.386,"S","J"],[168.726,15.646,-189.395,-0.395,0.001,-0.919,0.004,1,-0.001,0.919,-0.004,-0.395,0.654,14.687,4.766,"S","J"],[168.724,15.73,-189.368,-0.378,0,-0.926,0.003,1,-0.001,0.926,-0.004,-0.378,-0.329,13.37,4.376,"S","J"],[168.723,15.803,-189.346,-0.363,0,-0.932,0.003,1,-0.001,0.932,-0.003,-0.363,-0.27,12.24,3.569,"S","J"],[168.722,15.854,-189.332,-0.355,0,-0.935,0.002,1,-0.001,0.935,-0.002,-0.355,-0.221,11.349,2.921,"S","J"],[168.721,15.918,-189.319,-0.345,0,-0.938,0.001,1,-0.001,0.938,-0.002,-0.345,-0.152,10.108,2.012,"S","J"],[168.72,15.986,-189.31,-0.334,0,-0.943,0.001,1,0,0.943,-0.001,-0.334,-0.071,8.603,0.942,"S","J"],[168.72,16.039,-189.307,-0.324,0,-0.946,0,1,0,0.946,0,-0.324,-0.017,7.267,0.22,"S","J"],[168.721,16.071,-189.308,-0.319,0,-0.948,0,1,0,0.948,0,-0.319,0.386,6.286,-0.073,"S","J"],[168.731,16.109,-189.311,-0.318,0,-0.948,0,1,0,0.948,0,-0.318,1.359,4.791,-0.571,"S","J"],[168.739,16.129,-189.315,-0.316,0,-0.949,0,1,0,0.949,0,-0.316,1.966,3.857,-0.88,"S","J"],[168.757,16.145,-189.323,-0.315,0,-0.949,0,1,0,0.949,0,-0.315,2.778,2.61,-1.292,"S","J"],[168.776,16.156,-189.332,-0.313,0,-0.95,0,1,0,0.95,0,-0.313,3.511,1.481,-1.665,"S","J"],[168.81,16.157,-189.348,-0.312,0,-0.95,0,1,0,0.95,0,-0.312,4.503,-0.047,-2.172,"S