[[91.354,-16.497,-204.057,-0.993,0,-0.117,0,1,0,0.117,0,-0.993,0,0,0,8,0],["s",0,0,0,"S","J"],["s","v","S","J"],["s","v","S","J"],[91.313,-16.497,-204.126,-0.996,0,-0.087,0,1,0,0.087,0,-0.996,2.982,-0.002,5.035,"S","J"],[91.486,-16.497,-203.835,-0.986,0,-0.167,0,1,0,0.167,0,-0.986,8.106,0.006,13.572,"S","J"],[91.508,-16.497,-203.798,-0.985,0,-0.175,0,1,0,0.175,0,-0.985,8.142,0.006,13.631,"S","J"],[91.576,-16.497,-203.685,-0.98,0,-0.199,0,1,0,0.199,0,-0.98,8.196,0.005,13.721,"S","J"],[91.625,-16.497,-203.603,-0.977,0,-0.215,0,1,0,0.215,0,-0.977,8.203,0.004,13.733,"S","J"],[91.654,-16.497,-203.555,-0.975,0,-0.224,0,1,0,0.224,0,-0.975,8.204,0.004,13.734,"S","J"],[91.712,-16.497,-203.457,-0.97,0,-0.242,0,1,0,0.242,0,-0.97,8.205,0.003,13.736,"S","J"],[91.788,-16.497,-203.329,-0.965,0,-0.263,0,1,0,0.263,0,-0.965,8.205,0.002,13.736,"S","J"],[91.83,-16.497,-203.26,-0.962,0,-0.274,0,1,0,0.274,0,-0.962,"v","S","J"],[91.856,-16.497,-203.216,-0.96,0,-0.28,0,1,0,0.28,0,-0.96,8.205,0.002,13.736,"S","J"],[91.928,-16.497,-203.095,-0.955,0,-0.298,0,1,0,0.298,0,-0.955,8.205,0.001,13.736,"S","J"],[91.966,-16.497,-203.031,-0.952,0,-0.307,0,1,0,0.307,0,-0.952,"v","S","J"],[92.006,-16.497,-202.964,-0.949,0,-0.315,0,1,0,0.315,0,-0.949,"v","S","J"],[92.077,-16.497,-202.845,-0.944,0,-0.33,0,1,0,0.33,0,-0.944,8.205,0,13.736,"S","J"],[92.134,-16.497,-202.751,-0.94,0,-0.341,0,1,0,0.341,0,-0.94,8.222,0,13.726,"S","J"],[92.172,-16.497,-202.687,-0.938,0,-0.348,0,1,0,0.348,0,-0.938,8.243,0,13.713,"S","J"],[92.204,-16.497,-202.636,-0.935,0,-0.354,0,1,0,0.354,0,-0.935,8.366,0,13.637,"S","J"],[92.281,-16.497,-202.515,-0.93,0,-0.368,0,1,0,0.368,0,-0.93,8.617,0,13.481,"S","J"],[92.355,-16.497,-202.403,-0.925,0,-0.381,0,1,0,0.381,0,-0.925,8.821,0,13.348,"S","J"],[92.39,-16.497,-202.352,-0.922,0,-0.387,0,1,0,0.387,0,-0.922,8.92,0,13.283,"S","J"],[92.469,-16.497,-202.241,-0.916,0,-0.401,0,1,0,0.401,0,-0.916,9.249,0,13.055,"S","J"],[92.535,-16.497,-202.149,-0.911,0,-0.412,0,1,0,0.412,0,-0.911,9.412,0,12.938,"S","J"],[92.545,-16.497,-202.136,-0.91,0,-0.414,0,1,0,0.414,0,-0.91,9.436,0,12.921,"S","J"],[92.62,-16.497,-202.038,-0.905,0,-0.426,0,1,0,0.426,0,-0.905,9.627,0,12.779,"S","J"],[92.702,-16.497,-201.929,-0.898,0,-0.439,0,1,0,0.439,0,-0.898,9.738,0,12.695,"S","J"],[92.786,-16.497,-201.822,-0.892,0,-0.452,0,1,0,0.452,0,-0.892,9.826,0,12.627,"S","J"],[92.789,-16.497,-201.818,-0.892,0,-0.452,0,1,0,0.452,0,-0.892,9.829,0,12.625,"S","J"],[92.848,-16.497,-201.743,-0.888,0,-0.461,0,1,0,0.461,0,-0.888,9.888,0,12.578,"S","J"],[92.936,-16.497,-201.632,-0.881,0,-0.473,0,1,0,0.473,0,-0.881,9.92,0,12.553,"S","J"],[93.016,-16.497,-201.531,-0.876,0,-0.483,0,1,0,0.483,0,-0.876,9.924,0,12.55,"S","J"],[93.037,-16.497,-201.504,-0.874,0,-0.486,0,1,0,0.486,0,-0.874,9.925,0,12.55,"S","J"],[93.117,-16.497,-201.403,-0.869,0,-0.495,0,1,0,0.495,0,-0.869,"v","S","J"],[93.201,-16.497,-201.297,-0.864,0,-0.504,0,1,0,0.504,0,-0.864,"v","S","J"],[93.202,-16.497,-201.295,-0.864,0,-0.504,0,1,0,0.504,0,-0.864,"v","S","J"],[93.261,-16.497,-201.221,-0.86,0,-0.51,0,1,0,0.51,0,-0.86,"v","S","J"],[93.341,-16.497,-201.12,-0.856,0,-0.517,0,1,0,0.517,0,-0.856,"v","S","J"],[93.438,-16.497,-200.997,-0.851,0,-0.526,0,1,0,0.526,0,-0.851,"v","S","J"],[93.45,-16.497,-200.981,-0.85,0,-0.527,0,1,0,0.527,0,-0.85,"v","S","J"],[93.485,-16.497,-200.938,-0.848,0,-0.53,0,1,0,0.53,0,-0.848,"v","S","J"],[93.561,-16.497,-200.842,-0.844,0,-0.536,0,1,0,0.536,0,-0.844,"v","S","J"],[93.673,-16.497,-200.701,-0.839,0,-0.544,0,1,0,0.544,0,-0.839,"v","S","J"],[93.699,-16.497,-200.668,-0.838,0,-0.545,0,1,0,0.545,0,-0.838,"v","S","J"],[93.711,-16.497,-200.653,-0.838,0,-0.546,0,1,0,0.546,0,-0.838,"v","S","J"],[93.809,-16.497,-200.527,-0.834,0,-0.552,0,1,0,0.552,0,-0.834,"v","S","J"],[93.864,-16.497,-200.458,-0.832,0,-0.555,0,1,0,0.555,0,-0.832,"v","S","J"],[93.901,-16.497,-200.412,-0.83,0,-0.557,0,1,0,0.557,0,-0.83,"v","S","J"],[93.982,-16.497,-200.309,-0.827,0,-0.562,0,1,0,0.562,0,-0.827,"v","S","J"],[94.05,-16.497,-200.223,-0.825,0,-0.565,0,1,0,0.565,0,-0.825,"v","S","J"],[94.112,-16.497,-200.145,-0.823,0,-0.568,0,1,0,0.568,0,-0.823,"v","S","J"],[94.14,-16.497,-200.11,-0.822,0,-0.569,0,1,0,0.569,0,-0.822,"v","S","J"],[94.199,-16.497,-200.036,-0.82,0,-0.572,0,1,0,0.572,0,-0.82,"v","S","J"],[94.278,-16.497,-199.936,-0.818,0,-0.575,0,1,0,0.575,0,-0.818,"v","S","J"],[94.302,-16.497,-199.905,-0.818,0,-0.576,0,1,0,0.576,0,-0.818,9.883,0,12.583,"S","J"],[94.397,-16.497,-199.781,-0.816,0,-0.578,0,1,0,0.578,0,-0.816,9.741,0,12.692,"S","J"],[94.477,-16.497,-199.674,-0.815,0,-0.58,0,1,0,0.58,0,-0.815,9.635,0,12.773,"S","J"],[94.52,-16.497,-199.617,-0.814,0,-0.581,0,1,0,0.581,0,-0.814,9.571,0,12.821,"S","J"],[94.58,-16.497,-199.534,-0.814,0,-0.581,0,1,0,0.581,0,-0.814,9.418,0,12.934,"S","J"],[94.641,-16.497,-199.449,-0.814,0,-0.581,0,1,0,0.581,0,-0.814,9.317,0,13.007,"S","J"],[94.712,-16.497,-199.347,-0.814,0,-0.581,0,1,0,0.581,0,-0.814,9.23,0,13.069,"S","J"],[94.752,-16.497,-199.291,-0.814,0,-0.581,0,1,0,0.581,0,-0.814,9.184,0,13.101,"S","J"],[94.788,-16.497,-199.238,-0.814,0,-0.58,0,1,0,0.58,0,-0.814,9.125,0,13.142,"S","J"],[94.875,-16.497,-199.11,-0.815,0,-0.579,0,1,0,0.579,0,-0.815,9.05,0,13.195,"S","J"],[94.933,-16.497,-199.026,-0.816,0,-0.578,0,1,0,0.578,0,-0.816,9.028,0,13.21,"S","J"],[94.977,-16.497,-198.961,-0.816,0,-0.578,0,1,0,0.578,0,-0.816,9.004,0,13.226,"S","J"],[95.026,-16.497,-198.889,-0.817,0,-0.577,0,1,0,0.577,0,-0.817,9.001,0,13.229,"S","J"],[95.083,-16.497,-198.805,-0.817,0,-0.576,0,1,0,0.576,0,-0.817,8.999,0,13.23,"S","J"],[95.127,-16.497,-198.741,-0.818,0,-0.576,0,1,0,0.576,0,-0.818,8.998,0,13.23,"S","J"],[95.156,-16.497,-198.698,-0.818,0,-0.575,0,1,0,0.575,0,-0.818,"v","S","J"],[95.245,-16.497,-198.568,-0.819,0,-0.574,0,1,0,0.574,0,-0.819,"v","S","J"],[95.314,-16.497,-198.465,-0.819,0,-0.574,0,1,0,0.574,0,-0.819,"v","S","J"],[95.352,-16.497,-198.41,-0.819,0,-0.573,0,1,0,0.573,0,-0.819,"v","S","J"],[95.388,-16.497,-198.357,-0.82,0,-0.573,0,1,0,0.573,0,-0.82,8.962,0,13.254,"S","J"],[95.454,-16.497,-198.258,-0.82,0,-0.572,0,1,0,0.572,0,-0.82,8.892,0,13.301,"S","J"],[95.53,-16.497,-198.142,-0.821,0,-0.57,0,1,0,0.57,0,-0.821,8.802,0,13.361,"S","J"],[95.573,-16.497,-198.076,-0.822,0,-0.569,0,1,0,0.569,0,-0.822,8.751,0,13.395,"S","J"],[95.608,-16.497,-198.022,-0.823,0,-0.568,0,1,0,0.568,0,-0.823,8.691,0,13.434,"S","J"],[95.675,-16.497,-197.916,-0.999,0,0.043,0,1,0,-0.043,0,-0.999,8.586,0,13.501,"S","J"],[95.734,-16.497,-197.822,-0.528,0,0.849,0,1,0,-0.849,0,-0.528,8.513,0,13.547,"S","J"],[95.776,-16.497,-197.756,-0.526,0,0.851,0,1,0,-0.851,0,-0.526,8.488,0,13.563,"S","J"],[95.837,-16.497,-197.658,-0.523,0,0.852,0,1,0,-0.852,0,-0.523,8.463,0,13.579,"S","J"],[95.899,-16.497,-197.559,-0.518,0,0.855,0,1,0,-0.855,0,-0.518,8.414,0,13.608,"S","J"],[95.946,-16.497,-197.482,-0.513,0,0.858,0,1,0,-0.858,0,-0.513,8.375,0,13.633,"S","J"],[95.993,-16.503,-197.404,-0.509,0,0.861,0,1,0,-0.861,0,-0.509,8.317,-0.931,13.669,"S","J"],[96.049,-16.518,-197.31,-0.505,0,0.863,0,1,0,-0.863,0,-0.505,8.226,-2.509,13.723,"S","J"],[96.1,-16.539,-197.224,-0.5,0,0.866,0,1,0,-0.866,0,-0.5,8.118,-3.727,13.787,"S","J"],[96.142,-16.563,-197.153,-0.499,0,0.866,0,1,0,-0.866,0,-0.499,8.041,-4.752,13.833,"S","J"],[96.198,-16.599,-197.056,-0.497,0,0.868,0,1,0,-0.868,0,-0.497,8.015,-4.337,13.848,"S","J"],[96.246,-16.621,-196.973,-0.495,0,0.869,0,1,0,-0.869,0,-0.495,7.996,-2.551,13.859,"S","J"],[96.288,-16.625,-196.9,-0.495,0,0.869,0,1,0,-0.869,0,-0.495,7.96,-0.944,13.879,"S","J"],[96.338,-16.626,-196.811,-0.494,0,0.869,0,1,0,-0.869,0,-0.494,7.923,0.187,13.901,"S","J"],[96.362,-16.624,-196.77,-0.492,0,0.871,0,1,0,-0.871,0,-0.492,7.919,0.406,13.903,"S","J"],[96.446,-16.618,-196.622,-0.491,0,0.871,0,1,0,-0.871,0,-0.491,7.903,0.625,13.912,"S","J"],[96.479,-16.616,-196.563,-0.489,0,0.872,0,1,0,-0.872,0,-0.489,7.882,0.605,13.924,"S","J"],[96.523,-16.612,-196.486,-0.489,0,0.872,0,1,0,-0.872,0,-0.489,7.858,0.543,13.937,"S","J"],[96.586,-16.608,-196.372,-0.489,0,0.872,0,1,0,-0.872,0,-0.489,7.828,0.438,13.954,"S","J"],[96.617,-16.607,-196.317,-0.488,0,0.873,0,1,0,-0.873,0,-0.488,7.826,0.39,13.955,"S","J"],[96.667,-16.605,-196.229,-0.486,0,0.874,0,1,0,-0.874,0,-0.486,7.824,0.317,13.956,"S","J"],[96.734,-16.603,-196.108,-0.486,0,0.874,0,1,0,-0.874,0,-0.486,7.799,0.237,13.97,"S","J"],[96.771,-16.602,-196.043,-0.485,0,0.875,0,1,0,-0.875,0,-0.485,7.783,0.2,13.979,"S","J"],[96.81,-16.601,-195.972,-0.483,0,0.875,0,1,0,-0.875,0,-0.483,7.78,0.168,13.981,"S","J"],[96.873,-16.6,-195.858,-0.481,0,0.876,0,1,0,-0.876,0,-0.481,7.762,0.125,13.991,"S","J"],[96.914,-16.6,-195.785,-0.48,0,0.877,0,1,0,-0.877,0,-0.48,7.744,0.104,14.001,"S","J"],[96.967,-16.599,-195.688,-0.48,0,0.877,0,1,0,-0.877,0,-0.48,7.72,0.08,14.014,"S","J"],[96.999,-16.598,-195.629,-0.479,0,0.878,0,1,0,-0.878,0,-0.479,7.699,0.069,14.026,"S","J"],[97.043,-16.598,-195.549,-0.478,0,0.879,0,1,0,-0.879,0,-0.478,7.691,0.057,14.03,"S","J"],[97.092,-16.598,-195.459,-0.477,0,0.879,0,1,0,-0.879,0,-0.477,7.676,0.045,14.039,"S","J"],[97.139,-16.598,-195.375,-0.474,0,0.881,0,1,0,-0.881,0,-0.474,7.652,0.036,14.051,"S","J"],[97.206,-16.597,-195.25,-0.469,0,0.883,0,1,0,-0.883,0,-0.469,7.614,0.026,14.073,"S","J"],[97.227,-16.597,-195.211,-0.469,0,0.883,0,1,0,-0.883,0,-0.469,7.595,0.024,14.082,"S","J"],[97.285,-16.597,-195.103,-0.468,0,0.884,0,1,0,-0.884,0,-0.468,7.541,0.018,14.111,"S","J"],[97.332,-16.597,-195.015,-0.465,0,0.886,0,1,0,-0.886,0,-0.465,7.515,0.014,14.125,"S","J"],[97.382,-16.597,-194.922,-0.461,0,0.887,0,1,0,-0.887,0,-0.461,7.488,0.011,14.139,"S","J"],[97.413,-16.597,-194.861,-0.458,0,0.889,0,1,0,-0.889,0,-0.458,7.451,0.009,14.159,"S","J"],[97.461,-16.597,-194.77,-0.457,0,0.889,0,1,0,-0.889,0,-0.457,7.4,0.008,14.186,"S","J"],[97.497,-16.597,-194.699,-0.456,0,0.89,0,1,0,-0.89,0,-0.456,7.362,0.007,14.205,"S","J"],[97.548,-16.597,-194.6,-0.453,0,0.892,0,1,0,-0.892,0,-0.453,7.33,0.005,14.222,"S","J"],[97.589,-16.597,-194.521,-0.452,0,0.892,0,1,0,-0.892,0,-0.452,7.31,0.004,14.232,"S","J"],[97.64,-16.597,-194.422,-0.452,0,0.892,0,1,0,-0.892,0,-0.452,7.262,0.003,14.257,"S","J"],[97.68,-16.597,-194.343,-0.451,0,0.893,0,1,0,-0.893,0,-0.451,7.232,0.003,14.272,"S","J"],[97.75,-16.597,-194.203,-0.449,0,0.894,0,1,0,-0.894,0,-0.449,7.225,0.002,14.276,"S","J"],[97.776,-16.597,-194.153,-0.447,0,0.894,0,1,0,-0.894,0,-0.447,7.209,0.001,14.284,"S","J"],[97.817,-16.597,-194.072,-0.445,0,0.896,0,1,0,-0.896,0,-0.445,7.188,0.001,14.294,"S","J"],[97.866,-16.597,-193.973,-0.441,0,0.897,0,1,0,-0.897,0,-0.441,7.163,0.001,14.307,"S","J"],[97.911,-16.597,-193.883,-0.438,0,0.899,0,1,0,-0.899,0,-0.438,7.12,0.001,14.329,"S","J"],[97.957,-16.597,-193.789,-0.437,0,0.9,0,1,0,-0.9,0,-0.437,7.072,0.001,14.352,"S","J"],[98.002,-16.597,-193.697,-0.435,0,0.9,0,1,0,-0.9,0,-0.435,7.024,0,14.376,"S","J"],[98.042,-16.597,-193.616,-0.433,0,0.902,0,1,0,-0.902,0,-0.433,6.997,0,14.39,"S","J"],[98.071,-16.597,-193.556,-0.431,0,0.902,0,1,0,-0.902,0,-0.431,6.978,0,14.399,"S","J"],[98.107,-16.597,-193.481,-0.431,0,0.902,0,1,0,-0.902,0,-0.431,6.94,0.001,14.416,"S","J"],[98.152,-16.597,-193.387,-0.431,0,0.902,0,1,0,-0.902,0,-0.431,6.904,0.003,14.434,"S","J"],[98.191,-16.597,-193.305,-0.431,0,0.902,0,1,0,-0.902,0,-0.431,6.899,0.004,14.437,"S","J"],[98.234,-16.597,-193.216,-0.431,0,0.902,0,1,0,-0.902,0,-0.431,6.897,0.003,14.437,"S","J"],[98.281,-16.597,-193.116,-0.431,0,0.902,0,1,0,-0.902,0,-0.431,6.897,0.003,14.437,"S","J"],[98.327,-16.597,-193.02,-0.431,0,0.902,0,1,0,-0.902,0,-0.431,6.897,0.002,14.437,"S","J"],[98.367,-16.597,-192.937,-0.431,0,0.902,0,1,0,-0.902,0,-0.431,6.897,0.002,14.437,"S","J"],[98.397,-16.597,-192.874,-0.431,0,0.902,0,1,0,-0.902,0,-0.431,"v","S","J"],[98.437,-16.597,-192.791,-0.431,0,0.902,0,1,0,-0.902,0,-0.431,6.897,0.001,14.437,"S","J"],[98.49,-16.597,-192.679,-0.431,0,0.902,0,1,0,-0.902,0,-0.431,6.897,0.001,14.437,"S","J"],[98.541,-16.597,-192.573,-0.431,0,0.902,0,1,0,-0.902,0,-0.431,"v","S","J"],[98.566,-16.597,-192.522,-0.431,0,0.902,0,1,0,-0.902,0,-0.431,"v","S","J"],[98.624,-16.597,-192.398,-0.431,0,0.902,0,1,0,-0.902,0,-0.431,"v","S","J"],[98.653,-16.597,-192.339,-0.431,0,0.902,0,1,0,-0.902,0,-0.431,6.897,0,14.437,"S","J"],[98.691,-16.597,-192.258,-0.431,0,0.902,0,1,0,-0.902,0,-0.431,6.897,0,14.437,"S","J"],[98.733,-16.597,-192.171,-0.431,0,0.902,0,1,0,-0.902,0,-0.431,"v","S","J"],[98.773,-16.597,-192.087,-0.431,0,0.902,0,1,0,-0.902,0,-0.431,"v","S","J"],[98.817,-16.597,-191.995,-0.431,0,0.902,0,1,0,-0.902,0,-0.431,"v","S","J"],[98.869,-16.597,-191.887,-0.431,0,0.902,0,1,0,-0.902,0,-0.431,"v","S","J"],[98.907,-16.597,-191.808,-0.431,0,0.902,0,1,0,-0.902,0,-0.431,"v","S","J"],[98.935,-16.597,-191.749,-0.431,0,0.902,0,1,0,-0.902,0,-0.431,"v","S","J"],[98.98,-16.597,-191.655,-0.431,0,0.902,0,1,0,-0.902,0,-0.431,"v","S","J"],[99.016,-16.597,-191.578,-0.43,0,0.903,0,1,0,-0.903,0,-0.43,"v","S","J"],[99.053,-16.597,-191.502,-0.427,0,0.904,0,1,0,-0.904,0,-0.427,"v","S","J"],[99.113,-16.597,-191.376,-0.425,0,0.905,0,1,0,-0.905,0,-0.425,6.881,0,14.445,"S","J"],[99.16,-16.597,-191.276,-0.425,0,0.905,0,1,0,-0.905,0,-0.425,6.842,0,14.463,"S","J"],[99.194,-16.597,-191.205,-0.423,0,0.906,0,1,0,-0.906,0,-0.423,6.815,0,14.476,"S","J"],[99.231,-16.597,-191.126,-0.422,0,0.907,0,1,0,-0.907,0,-0.422,6.807,0,14.48,"S","J"],[99.269,-16.597,-191.044,-0.421,0,0.907,0,1,0,-0.907,0,-0.421,6.795,0,14.486,"S","J"],[99.308,-16.597,-190.962,-0.419,0,0.908,0,1,0,-0.908,0,-0.419,6.768,0,14.498,"S","J"],[99.358,-16.597,-190.853,-0.419,0,0.908,0,1,0,-0.908,0,-0.419,6.744,0,14.509,"S","J"],[99.407,-16.597,-190.747,-0.419,0,0.908,0,1,0,-0.908,0,-0.419,6.717,0,14.522,"S","J"],[99.444,-16.597,-190.667,-0.419,0,0.908,0,1,0,-0.908,0,-0.419,6.709,0,14.526,"S","J"],[99.494,-16.597,-190.56,-0.419,0,0.908,0,1,0,-0.908,0,-0.419,6.708,0,14.526,"S","J"],[99.526,-16.597,-190.49,-0.419,0,0.908,0,1,0,-0.908,0,-0.419,6.708,0,14.526,"S","J"],[99.553,-16.597,-190.432,-0.419,0,0.908,0,1,0,-0.908,0,-0.419,"v","S","J"],[99.6,-16.597,-190.331,-0.419,0,0.908,0,1,0,-0.908,0,-0.419,"v","S","J"],[99.638,-16.597,-190.247,-0.419,0,0.908,0,1,0,-0.908,0,-0.419,"v","S","J"],[99.675,-16.597,-190.168,-0.419,0,0.908,0,1,0,-0.908,0,-0.419,"v","S","J"],[99.725,-16.597,-190.06,-0.419,0,0.908,0,1,0,-0.908,0,-0.419,"v","S","J"],[99.772,-16.597,-189.958,-0.419,0,0.908,0,1,0,-0.908,0,-0.419,"v","S","J"],[99.808,-16.597,-189.881,-0.419,0,0.908,0,1,0,-0.908,0,-0.419,"v","S","J"],[99.861,-16.597,-189.765,-0.419,0,0.908,0,1,0,-0.908,0,-0.419,"v","S","J"],[99.888,-16.597,-189.705,-0.419,0,0.908,0,1,0,-0.908,0,-0.419,"v","S","J"],[99.923,-16.597,-189.628,-0.419,0,0.908,0,1,0,-0.908,0,-0.419,"v","S","J"],[99.965,-16.597,-189.539,-0.419,0,0.908,0,1,0,-0.908,0,-0.419,"v","S","J"],[100.003,-16.597,-189.457,-0.419,0,0.908,0,1,0,-0.908,0,-0.419,"v","S","J"],[100.045,-16.597,-189.366,-0.419,0,0.908,0,1,0,-0.908,0,-0.419,"v","S","J"],[100.087,-16.597,-189.275,-0.419,0,0.908,0,1,0,-0.908,0,-0.419,"v","S","J"],[100.129,-16.597,-189.184,-0.419,0,0.908,0,1,0,-0.908,0,-0.419,"v","S","J"],[100.171,-16.597,-189.093,-0.419,0,0.908,0,1,0,-0.908,0,-0.419,"v","S","J"],[100.206,-16.597,-189.017,-0.419,0,0.908,0,1,0,-0.908,0,-0.419,"v","S","J"],[100.256,-16.597,-188.91,-0.419,0,0.908,0,1,0,-0.908,0,-0.419,"v","S","J"],[100.307,-16.597,-188.798,-0.419,0,0.908,0,1,0,-0.908,0,-0.419,"v","S","J"],[100.344,-16.597,-188.719,-0.419,0,0.908,0,1,0,-0.908,0,-0.419,"v","S","J"],[100.375,-16.597,-188.65,-0.419,0,0.908,0,1,0,-0.908,0,-0.419,"v","S","J"],[100.413,-16.597,-188.567,-0.419,0,0.908,0,1,0,-0.908,0,-0.419,"v","S","J"],[100.455,-16.597,-188.477,-0.419,0,0.908,0,1,0,-0.908,0,-0.419,"v","S","J"],[100.493,-16.597,-188.394,-0.419,0,0.908,0,1,0,-0.908,0,-0.419,"v","S","J"],[100.537,-16.597,-188.301,-0.419,0,0.908,0,1,0,-0.908,0,-0.419,"v","S","J"],[100.568,-16.597,-188.232,-0.419,0,0.908,0,1,0,-0.908,0,-0.419,"v","S","J"],[100.626,-16.597,-188.107,-0.419,0,0.908,0,1,0,-0.908,0,-0.419,"v","S","J"],[100.675,-16.597,-188,-0.419,0,0.908,0,1,0,-0.908,0,-0.419,"v","S","J"],[100.703,-16.597,-187.941,-0.419,0,0.908,0,1,0,-0.908,0,-0.419,"v","S","J"],[100.736,-16.597,-187.87,-0.419,0,0.908,0,1,0,-0.908,0,-0.419,"v","S","J"],[100.774,-16.597,-187.787,-0.419,0,0.908,0,1,0,-0.908,0,-0.419,"v","S","J"],[100.82,-16.597,-187.688,-0.419,0,0.908,0,1,0,-0.908,0,-0.419,"v","S","J"],[100.888,-16.597,-187.539,-0.419,0,0.908,0,1,0,-0.908,0,-0.419,"v","S","J"],[100.903,-16.597,-187.506,-0.419,0,0.908,0,1,0,-0.908,0,-0.419,"v","S","J"],[100.938,-16.597,-187.43,-0.419,0,0.908,0,1,0,-0.908,0,-0.419,"v","S","J"],[100.99,-16.597,-187.317,-0.419,0,0.908,0,1,0,-0.908,0,-0.419,"v","S","J"],[101.037,-16.597,-187.217,-0.419,0,0.908,0,1,0,-0.908,0,-0.419,"v","S","J"],[101.065,-16.597,-187.157,-0.419,0,0.908,0,1,0,-0.908,0,-0.419,"v","S","J"],[101.097,-16.597,-187.087,-0.419,0,0.908,0,1,0,-0.908,0,-0.419,"v","S","J"],[101.147,-16.597,-186.979,-0.419,0,0.908,0,1,0,-0.908,0,-0.419,"v","S","J"],[101.178,-16.597,-186.912,-0.419,0,0.908,0,1,0,-0.908,0,-0.419,"v","S","J"],[101.231,-16.597,-186.798,-0.419,0,0.908,0,1,0,-0.908,0,-0.419,"v","S","J"],[101.255,-16.597,-186.745,-0.419,0,0.908,0,1,0,-0.908,0,-0.419,"v","S","J"],[101.311,-16.597,-186.625,-0.419,0,0.908,0,1,0,-0.908,0,-0.419,"v","S","J"],[101.359,-16.597,-186.521,-0.419,0,0.908,0,1,0,-0.908,0,-0.419,"v","S","J"],[101.395,-16.597,-186.443,-0.419,0,0.908,0,1,0,-0.908,0,-0.419,"v","S","J"],[101.425,-16.597,-186.376,-0.419,0,0.908,0,1,0,-0.908,0,-0.419,"v","S","J"],[101.474,-16.597,-186.271,-0.419,0,0.908,0,1,0,-0.908,0,-0.419,"v","S","J"],[101.509,-16.597,-186.194,-0.419,0,0.908,0,1,0,-0.908,0,-0.419,"v","S","J"],[101.555,-16.597,-186.094,-0.419,0,0.908,0,1,0,-0.908,0,-0.419,"v","S","J"],[101.599,-16.597,-186.001,-0.421,0,0.907,0,1,0,-0.907,0,-0.421,"v","S","J"],[101.638,-16.597,-185.916,-0.423,0,0.906,0,1,0,-0.906,0,-0.423,"v","S","J"],[101.671,-16.597,-185.843,-0.426,0,0.905,0,1,0,-0.905,0,-0.426,6.714,0,14.523,"S","J"],[101.705,-16.597,-185.77,-0.431,0,0.902,0,1,0,-0.902,0,-0.431,6.753,0,14.504,"S","J"],[101.75,-16.597,-185.674,-0.436,0,0.9,0,1,0,-0.9,0,-0.436,6.829,0,14.469,"S","J"],[101.804,-16.597,-185.562,-0.445,0,0.895,0,1,0,-0.895,0,-0.445,6.889,0,14.441,"S","J"],[101.853,-16.597,-185.462,-0.448,0,0.894,0,1,0,-0.894,0,-0.448,6.987,0,14.394,"S","J"],[101.888,-16.597,-185.39,-0.453,0,0.892,0,1,0,-0.892,0,-0.453,7.069,0,14.354,"S","J"],[101.922,-16.597,-185.322,-0.457,0,0.89,0,1,0,-0.89,0,-0.457,7.138,0,14.319,"S","J"],[101.967,-16.597,-185.234,-0.461,0,0.887,0,1,0,-0.887,0,-0.461,7.219,0,14.279,"S","J"],[102.007,-16.597,-185.155,-0.465,0,0.885,0,1,0,-0.885,0,-0.465,7.281,0,14.247,"S","J"],[102.051,-16.597,-185.07,-0.468,0,0.884,0,1,0,-0.884,0,-0.468,7.35,0,14.212,"S","J"],[102.109,-16.597,-184.958,-0.469,0,0.883,0,1,0,-0.883,0,-0.469,7.422,0,14.175,"S","J"],[102.16,-16.597,-184.862,-0.469,0,0.883,0,1,0,-0.883,0,-0.469,7.471,0,14.148,"S","J"],[102.199,-16.597,-184.789,-0.472,0,0.882,0,1,0,-0.882,0,-0.472,7.484,0.001,14.142,"S","J"],[102.238,-16.597,-184.715,-0.476,0,0.879,0,1,0,-0.879,0,-0.476,7.485,0.003,14.141,"S","J"],[102.291,-16.597,-184.615,-0.482,0,0.876,0,1,0,-0.876,0,-0.482,7.559,0.004,14.102,"S","J"],[102.344,-16.597,-184.518,-0.485,0,0.875,0,1,0,-0.875,0,-0.485,7.659,0.003,14.047,"S","J"],[102.379,-16.597,-184.453,-0.488,0,0.873,0,1,0,-0.873,0,-0.488,7.697,0.003,14.027,"S","J"],[102.433,-16.597,-184.358,-0.49,0,0.872,0,1,0,-0.872,0,-0.49,7.76,0.002,13.992,"S","J"],[102.472,-16.597,-184.286,-0.492,0,0.87,0,1,0,-0.87,0,-0.492,7.797,0.002,13.972,"S","J"],[102.531,-16.597,-184.181,-0.496,0,0.868,0,1,0,-0.868,0,-0.496,7.83,0.001,13.953,"S","J"],[102.6,-16.597,-184.059,-0.499,0,0.867,0,1,0,-0.867,0,-0.499,7.877,0.001,13.927,"S","J"],[102.655,-16.597,-183.962,-0.502,0,0.865,0,1,0,-0.865,0,-0.502,7.915,0.001,13.905,"S","J"],[102.71,-16.597,-183.867,-0.507,0,0.862,0,1,0,-0.862,0,-0.507,7.96,0.001,13.88,"S","J"],[102.737,-16.597,-183.819,-0.507,0,0.862,0,1,0,-0.862,0,-0.507,7.176,0.002,12.492,"S","J"],[102.782,-16.329,-183.741,-0.506,0,0.863,0,1,0,-0.863,0,-0.506,6.687,31.941,11.641,"S","J"],[102.824,-15.994,-183.668,-0.506,0,0.863,0,1,0,-0.863,0,-0.506,6.458,51.552,11.243,3,"J"],[102.854,-16.133,-183.602,-0.504,-0.067,0.861,-0.021,0.998,0.065,-0.863,0.015,-0.504,5.459,4.005,10.259,5,"J"],[102.878,-16.286,-183.555,-0.502,-0.11,0.858,-0.034,0.994,0.107,-0.864,0.025,-0.503,5.083,-21.487,8.263,"S","J"],[102.906,-16.418,-183.527,-0.503,-0.104,0.858,-0.031,0.994,0.102,-0.864,0.024,-0.503,4.529,-22.458,4.995,7,"J"],[102.928,-16.558,-183.509,-0.504,-0.081,0.86,-0.024,0.997,0.08,-0.863,0.019,-0.505,3.215,-23.535,2.069,"S","J"],[102.936,-16.656,-183.505,-0.505,-0.035,0.862,-0.01,0.999,0.035,-0.863,0.009,-0.505,1.26,-14.304,0.623,"S","J"],[102.939,-16.699,-183.503,-0.506,0.009,0.863,0.003,1,-0.008,-0.863,-0.002,-0.506,-0.058,-3.22,0.14,"S","J"],[102.936,-16.698,-183.502,-0.506,0.029,0.862,0.009,1,-0.029,-0.863,-0.007,-0.506,-0.49,-0.119,0.156,"S","J"],[102.932,-16.692,-183.502,-0.506,0.041,0.862,0.012,0.999,-0.04,-0.863,-0.01,-0.506,-0.717,1.62,0.174,"S","J"],[102.928,-16.679,-183.501,-0.506,0.039,0.862,0.012,0.999,-0.038,-0.863,-0.009,-0.506,-0.688,2.16,0.162,"S","J"],[102.926,-16.663,-183.5,-0.506,0.027,0.862,0.008,1,-0.027,-0.863,-0.007,-0.506,-0.334,2.116,0.08,"S","J"],[102.924,-16.491,-183.5,-0.506,0.018,0.862,0.005,1,-0.018,-0.863,-0.004,-0.506,-0.23,40.991,0.056,8,"J"],[102.922,-16.053,-183.499,-0.506,0.002,0.863,0.001,1,-0.002,-0.863,0,-0.506,-0.23,52.996,0.056,3,"J"],[102.956,-16.108,-183.504,-0.506,-0.017,0.862,-0.002,1,0.019,-0.863,0.008,-0.506,8.18,1.062,-1.189,"S","J"],[103.009,-16.01,-183.512,-0.506,-0.043,0.862,-0.005,0.999,0.047,-0.863,0.019,-0.505,12.251,28.543,-1.786,"S","J"],[103.097,-15.884,-183.539,-0.491,-0.204,0.847,-0.067,0.978,0.197,-0.869,0.04,-0.494,11.493,52.665,-3.05,"S","J"],[103.3,-15.823,-183.581,-0.468,-0.332,0.819,-0.113,0.942,0.317,-0.876,0.056,-0.478,25.388,52.377,-5.504,"S","J"],[103.723,-15.711,-183.649,-0.434,-0.509,0.744,-0.131,0.852,0.507,-0.892,0.122,-0.436,49.241,25.926,-6.666,"S","J"],[103.89,-15.595,-183.691,-0.411,-0.58,0.704,-0.142,0.803,0.579,-0.901,0.138,-0.412,53.771,36.903,-12.096,"S","J"],[104.291,-15.23,-183.79,-0.336,-0.735,0.589,-0.162,0.662,0.732,-0.928,0.15,-0.341,56.108,49.335,-14.029,"S","J"],[104.685,-14.863,-183.889,-0.225,-0.86,0.458,-0.171,0.498,0.85,-0.959,0.113,-0.259,57.384,52.476,-14.373,"S","J"],[104.996,-14.579,-183.967,-0.113,-0.934,0.34,-0.167,0.356,0.92,-0.979,0.047,-0.196,58.494,52.695,-14.633,"S","J"],[105.242,-14.353,-184.028,-0.041,-0.962,0.27,-0.153,0.273,0.95,-0.987,-0.003,-0.158,59.467,54.381,-14.785,5,"J"],[105.576,-14.025,-184.11,-0.101,-0.955,0.28,-0.136,0.292,0.947,-0.986,0.058,-0.159,60.417,59.05,-14.798,"S","J"],[106.063,-13.528,-184.228,-0.3,-0.87,0.392,-0.108,0.439,0.892,-0.948,0.225,-0.226,62.693,64.245,-15.099,"S","J"],[106.43,-13.159,-184.319,-0.4,-0.741,0.54,-0.081,0.615,0.785,-0.913,0.27,-0.306,64.276,63.789,-15.846,"S","J"],[106.879,-12.72,-184.434,-0.475,-0.55,0.687,-0.045,0.795,0.605,-0.879,0.257,-0.402,65.167,61.105,-16.966,"S","J"],[107.362,-12.28,-184.564,-0.499,-0.353,0.792,-0.016,0.917,0.399,-0.867,0.187,-0.462,63.528,56.849,-17.213,"S","J"],[107.783,-11.905,-184.68,-0.507,-0.208,0.836,0.004,0.97,0.243,-0.862,0.126,-0.491,60.971,53.676,-16.858,"S","J"],[108.163,-11.568,-184.786,-0.51,-0.101,0.854,0.017,0.992,0.127,-0.86,0.08,-0.504,58.35,51.427,-16.18,"S","J"],[108.549,-11.225,-184.894,-0.509,-0.038,0.86,0.021,0.998,0.057,-0.861,0.047,-0.507,55.827,49.677,-15.555,"S","J"],[108.832,-10.971,-184.972,-0.508,-0.006,0.861,0.021,1,0.019,-0.861,0.027,-0.508,54.129,48.542,-15.146,"S","J"],[109.08,-10.748,-185.042,-0.508,0.009,0.861,0.018,1,0,-0.861,0.016,-0.508,52.846,47.593,-14.87,"S","J"],[109.26,-10.586,-185.093,-0.509,0.015,0.861,0.016,1,-0.008,-0.861,0.01,-0.509,52.023,46.909,-14.709,"S","J"],[109.495,-10.374,-185.16,-0.509,0.019,0.861,0.013,1,-0.014,-0.861,0.004,-0.509,51.052,46.006,-14.537,"S","J"],[109.959,-9.958,-185.294,-0.509,0.016,0.861,0.006,1,-0.015,-0.861,-0.002,-0.509,49.419,44.187,-14.317,"S","J"],[110.219,-9.726,-185.37,-0.509,0.012,0.86,0.003,1,-0.013,-0.861,-0.004,-0.509,48.605,43.134,-14.244,"S","J"],[110.447,-9.527,-185.438,-0.509,0.009,0.861,0.001,1,-0.01,-0.861,-0.004,-0.509,47.926,42.201,-14.203,"S","J"],[110.728,-9.281,-185.522,-0.509,0.006,0.861,-0.001,1,-0.008,-0.861,-0.005,-0.509,47.095,41.036,-14.164,"S","J"],[111.073,-8.984,-185.627,-0.509,0.003,0.861,-0.001,1,-0.004,-0.861,-0.003,-0.509,46.071,39.571,-14.145,"S","J"],[111.302,-8.789,-185.698,-0.509,0.001,0.861,-0.001,1,-0.002,-0.861,-0.002,-0.509,45.384,38.587,-14.139,"S","J"],[111.572,-8.563,-185.784,-0.509,0,0.861,-0.001,1,-0.001,-0.861,-0.001,-0.509,44.545,37.398,-14.138,"S","J"],[111.853,-8.328,-185.874,-0.509,0,0.861,-0.001,1,-0.001,-0.861,-0.001,-0.509,43.653,36.139,-14.137,"S","J"],[112.171,-8.069,-185.98,-0.509,-0.001,0.861,-0.001,1,0.001,-0.861,-0.001,-0.509,42.607,34.683,-14.139,"S","J"],[112.362,-7.915,-186.044,-0.509,-0.001,0.861,0,1,0.001,-0.861,0,-0.509,41.964,33.793,-14.138,"S","J"],[112.665,-7.675,-186.148,-0.509,0,0.861,0,1,0,-0.861,0,-0.509,40.912,32.344,-14.135,"S","J"],[112.889,-7.499,-186.227,-0.509,0,0.861,0,1,0,-0.861,0,-0.509,40.122,31.258,-14.132,"S","J"],[113.026,-7.394,-186.275,-0.509,0,0.861,0,1,0,-0.861,0,-0.509,39.627,30.579,-14.13,"S","J"],[113.356,-7.145,-186.396,-0.509,0,0.861,0,1,0,-0.861,0,-0.509,38.406,28.904,-14.123,"S","J"],[113.5,-7.037,-186.45,-0.509,0,0.861,0,1,0,-0.861,0,-0.509,37.858,28.154,-14.12,"S","J"],[113.778,-6.834,-186.556,-0.509,0,0.861,0,1,0,-0.861,0,-0.509,36.781,26.677,-14.113,"S","J"],[113.994,-6.68,-186.64,-0.509,0,0.861,0,1,0,-0.861,0,-0.509,35.927,25.506,-14.106,"S","J"],[114.207,-6.532,-186.726,-0.509,0,0.861,0,1,0,-0.861,0,-0.509,35.057,24.314,-14.099,"S","J"],[114.428,-6.382,-186.816,-0.509,0,0.861,0,1,0,-0.861,0,-0.509,34.139,23.055,-14.092,"S","J"],[114.63,-6.249,-186.902,-0.509,0,0.861,0,1,0,-0.861,0,-0.509,33.271,21.865,-14.085,"S","J"],[114.84,-6.114,-186.993,-0.509,0,0.861,0,1,0,-0.861,0,-0.509,32.352,20.604,-14.078,"S","J"],[115.044,-5.988,-187.084,-0.509,0,0.861,0,1,0,-0.861,0,-0.509,31.421,19.327,-14.071,"S","J"],[115.215,-5.886,-187.162,-0.521,0,0.854,0,1,0,-0.854,0,-0.521,30.628,18.239,-14.065,"S","J"],[115.422,-5.766,-187.259,-0.546,0,0.838,0,1,0,-0.838,0,-0.546,29.637,16.879,-14.056,"S","J"],[115.596,-5.671,-187.344,-0.569,0,0.822,0,1,0,-0.822,0,-0.569,28.774,15.695,-14.043,"S","J"],[115.765,-5.582,-187.428,-0.602,0,0.798,0,1,0,-0.798,0,-0.602,27.922,14.52,-13.998,"S","J"],[115.853,-5.531,-187.475,-0.622,0,0.783,0.001,1,0,-0.783,0.001,-0.622,25.621,13.392,-13.353,"S","J"],[115.852,-5.461,-187.495,-0.649,0.002,0.761,0.01,1,0.005,-0.761,0.011,-0.649,6.672,8.293,-8.092,"S","J"],[115.771,-5.419,-187.489,-0.707,-0.001,0.707,0.011,1,0.012,-0.707,0.016,-0.707,2.557,7.142,-9.599,"S","J"],[115.695,-5.384,-187.509,-0.759,-0.003,0.652,0.009,1,0.015,-0.651,0.018,-0.758,-1.387,6.01,-10.527,"S","J"],[115.604,-5.353,-187.532,-0.811,-0.003,0.585,0.008,1,0.016,-0.585,0.018,-0.811,-5.252,4.843,-11.088,"S","J"],[115.468,-5.33,-187.553,-0.871,-0.003,0.492,0.006,1,0.016,-0.492,0.017,-0.871,-8.66,3.564,-10.932,"S","J"],[115.339,-5.312,-187.586,-0.919,-0.002,0.394,0.004,1,0.014,-0.394,0.015,-0.919,-11.816,2.287,-10.635,"S","J"],[115.184,-5.305,-187.631,-0.971,-0.001,0.238,0.002,1,0.012,-0.238,0.012,-0.971,-14.793,0.813,-9.775,"S","J"],[115.069,-5.304,-187.67,-0.994,0,0.11,0.001,1,0.01,-0.11,0.01,-0.994,-16.827,-0.316,-8.829,"S","J"],[114.955,-5.314,-187.714,-0.999,0.002,-0.032,0.002,1,0.006,0.032,0.006,-0.999,-17.591,-1.516,-7.842,"S","J"],[114.866,-5.322,-187.747,-0.989,0.003,-0.15,0.002,1,0.004,0.15,0.003,-0.989,-17.367,-1.809,-6.246,7,"J"],[114.793,-5.325,-187.759,-0.965,0.002,-0.261,0.002,1,0.002,0.261,0.001,-0.965,-16.309,-0.641,-2.579,"S","J"],[114.693,-5.326,-187.751,-0.932,0.001,-0.362,0.002,1,-0.001,0.362,-0.002,-0.932,-15.093,-0.182,1.188,"S","J"],[114.591,-5.326,-187.729,-0.853,0,-0.522,0.001,1,-0.003,0.522,-0.003,-0.853,-14.527,-0.026,3.716,"S","J"],[114.504,-5.348,-187.695,-0.775,-0.001,-0.632,0.001,1,-0.003,0.632,-0.003,-0.775,-14.656,-3.192,5.336,"S","J"],[114.437,-5.374,-187.666,-0.705,-0.001,-0.709,0.001,1,-0.002,0.709,-0.002,-0.705,-13.573,-6.098,6.097,"S","J"],[114.392,-5.413,-187.637,-0.61,-0.001,-0.792,0,1,-0.002,0.792,-0.001,-0.61,-9.125,-7.316,5.804,"S","J"],[114.357,-5.463,-187.598,-0.572,-0.001,-0.82,0,1,-0.001,0.82,0,-0.572,-3.734,-8.545,6.304,"S","J"],[114.355,-5.54,-187.546,-0.513,-0.001,-0.859,-0.001,1,0,0.859,0.001,-0.513,-0.13,-10.056,6.746,8,"J"],[114.36,-5.498,-187.503,-0.459,0,-0.888,-0.001,1,0,0.888,0.001,-0.459,0.907,2.033,6.863,"S","J"],[114.364,-5.233,-187.472,-0.442,0,-0.897,-0.001,1,0,0.897,0.001,-0.442,0.907,39.751,6.863,3,"J"],[114.373,-4.613,-187.4,-0.424,0.001,-0.906,-0.001,1,0.001,0.906,0.001,-0.424,0.907,58.3,6.863,"S","J"],[114.382,-4.091,-187.337,-0.409,0.001,-0.912,-0.001,1,0.001,0.912,0.001,-0.409,0.955,58.159,6.951,"S","J"],[114.388,-3.812,-187.3,-0.395,0.001,-0.919,-0.001,1,0.001,0.919,0.001,-0.395,1.284,57.204,7.547,5,"J"],[114.4,-3.394,-187.239,-0.383,0.001,-0.924,0,1,0.001,0.924,0.001,-0.383,1.815,55.745,8.458,"S","J"],[114.407,-3.223,-187.212,-0.372,0.001,-0.928,0,1,0.001,0.928,0,-0.372,2.053,55.132,8.835,"S","J"],[114.422,-2.898,-187.155,-0.359,0.001,-0.933,0,1,0.001,0.933,0,-0.359,2.537,53.955,9.545,"S","J"],[114.445,-2.501,-187.078,-0.344,0,-0.939,0,1,0,0.939,0,-0.344,3.175,52.484,10.412,"S","J"],[114.461,-2.265,-187.027,-0.329,0,-0.944,0,1,0,0.944,0,-0.329,3.586,51.579,10.93,"S","J"],[114.496,-1.834,-186.928,-0.316,0,-0.949,0,1,0,0.949,0,-0.316,4.396,49.903,11.85,"S","J"],[114.515,-1.649,-186.883,-0.308,0,-0.952,0,1,0,0.952,0,-0.308,4.779,49.166,12.229,"S","J"],[114.553,-1.308,-186.791,-0.294,0,-0.956,0,1,0,0.956,0,-0.294,5.539,47.771,12.908,"S","J"],[114.586,-1.053,-186.72,-0.274,0,-0.962,0,1,0,0.962,0,-0.274,6.158,46.706,13.375,"S","J"],[114.645,-0.668,-186.602,-0.259,0,-0.966,0,1,0,0.966,0,-0.259,7.193,45.041,13.92,"S","J"],[114.684,-0.443,-186.531,-0.244,0,-0.97,0,1,0,0.97,0,-0.244,7.604,44.04,13.943,"S","J"],[114.741,-0.129,-186.43,-0.233,0,-0.972,0,1,0,0.972,0,-0.233,7.929,42.61,13.876,"S","J"],[114.772,0.033,-186.377,-0.218,0,-0.976,0,1,0,0.976,0,-0.218,8.087,41.85,13.797,"S","J"],[114.84,0.364,-186.265,-0.21,0,-0.978,0,1,0,0.978,0,-0.21,8.297,40.252,13.679,"S","J"],[114.88,0.553,-186.2,-0.195,0,-0.981,0,1,0,0.981,0,-0.195,8.499,39.306,13.555,"S","J"],[114.925,0.751,-186.13,-0.185,0,-0.983,0,1,0,0.983,0,-0.185,8.646,38.292,13.461,"S","J"],[114.99,1.025,-186.032,-0.179,0,-0.984,0,1,0,0.984,0,-0.179,8.841,36.848,13.335,"S","J"],[115.035,1.201,-185.967,-0.167,0,-0.986,0,1,0,0.986,0,-0.167,8.962,35.886,13.253,"S","J"],[115.097,1.442,-185.876,-0.159,0,-0.987,0,1,0,0.987,0,-0.159,9.054,34.527,13.191,"S","J"],[115.157,1.659,-185.79,-0.149,0,-0.989,0,1,0,0.989,0,-0.149,9.217,33.252,13.078,"S","J"],[115.228,1.905,-185.691,-0.144,0,-0.99,0,1,0,0.99,0,-0.144,9.379,31.753,12.963,"S","J"],[115.268,2.035,-185.637,-0.137,0,-0.991,0,1,0,0.991,0,-0.137,9.46,30.93,12.904,"S","J"],[115.327,2.219,-185.557,-0.131,0,-0.991,0,1,0,0.991,0,-0.131,9.542,29.712,12.843,"S","J"],[115.39,2.409,-185.473,-0.126,0,-0.992,0,1,0,0.992,0,-0.126,9.62,28.416,12.785,"S","J"],[115.456,2.593,-185.387,-0.122,0,-0.993,0,1,0,0.993,0,-0.122,9.693,27.101,12.73,"S","J"],[115.497,2.707,-185.332,-0.109,0,-0.994,0,1,0,0.994,0,-0.109,9.753,26.251,12.683,"S","J"],[115.664,3.109,-185.126,-0.075,0,-0.997,0,1,0,0.997,0,-0.075,10.103,22.999,12.406,"S","J"],[115.749,3.29,-185.024,-0.069,0,-0.998,0,1,0,0.998,0,-0.069,10.317,21.364,12.228,"S","J"],[115.8,3.389,-184.964,-0.061,0,-0.998,0,1,0,0.998,0,-0.061,10.396,20.403,12.162,"S","J"],[115.88,3.536,-184.873,-0.052,0,-0.999,0,1,0,0.999,0,-0.052,10.493,18.917,12.079,"S","J"],[115.929,3.62,-184.816,-0.046,0,-0.999,0,1,0,0.999,0,-0.046,10.561,18.002,12.019,"S","J"],[116.004,3.741,-184.732,-0.037,0,-0.999,0,1,0,0.999,0,-0.037,10.674,16.606,11.919,"S","J"],[116.071,3.836,-184.658,-0.032,0,-1,0,1,0,1,0,-0.032,10.769,15.383,11.833,"S","J"],[116.139,3.928,-184.584,-0.024,0,-1,0,1,0,1,0,-0.024,10.867,14.161,11.743,"S","J"],[116.191,3.99,-184.529,-0.016,0,-1,0,1,0,1,0,-0.016,10.916,13.227,11.698,"S","J"],[116.248,4.053,-184.469,-0.01,0,-1,0,1,0,1,0,-0.01,11.009,12.216,11.61,"S","J"],[116.329,4.135,-184.385,-0.004,0,-1,0,1,0,1,0,-0.004,11.106,10.779,11.518,"S","J"],[116.387,4.184,-184.326,0,0,-1,0,1,0,1,0,0,11.173,9.777,11.453,"S","J"],[116.469,4.249,-184.242,0.006,0,-1,0,1,0,1,0,0.006,11.254,8.331,11.373,"S","J"],[116.523,4.285,-184.188,0.009,0,-1,0,1,0,1,0,0.009,11.294,7.384,11.333,"S","J"],[116.613,4.334,-184.099,0.013,0,-1,0,1,0,1,0,0.013,11.368,5.844,11.259,"S","J"],[116.663,4.356,-184.049,0.019,0,-1,0,1,0,1,0,0.019,11.4,4.973,11.227,"S","J"],[116.753,4.385,-183.962,0.019,0,-1,0,1,0,1,0,0.019,11.447,3.441,11.178,"S","J"],[116.805,4.398,-183.911,0.023,0,-1,0,1,0,1,0,0.023,11.496,2.533,11.128,"S","J"],[116.861,4.405,-183.857,0.026,0,-1,0,1,0,1,0,0.026,11.519,1.587,11.105,"S","J"],[116.943,4.409,-183.779,0.028,0,-1,0,1,0,1,0,0.028,11.554,0.205,11.069,"S","J"],[117.026,4.401,-183.7,0.033,0,-0.999,0,1,0,0.999,0,0.033,11.596,-1.197,11.025,"S","J"],[117.088,4.391,-183.641,0.035,0,-0.999,0,1,0,0.999,0,0.035,11.625,-2.242,10.994,"S","J"],[117.157,4.371,-183.579,0.031,0,-1,0,1,0,1,0,0.031,11.749,-3.396,10.705,"S","J"],[117.206,4.353,-183.537,0.021,0,-1,0,1,0,1,0,0.021,11.958,-4.211,10.149,"S","J"],[117.264,4.33,-183.491,0.01,0,-1,0,1,0,1,0,0.01,12.202,-5.151,9.509,"S","J"],[117.353,4.284,-183.429,0.001,0,-1,0,1,0,1,0,0.001,12.569,-6.544,8.563,"S","J"],[117.429,4.24,-183.383,0,0,-1,0,1,0,1,0,0,12.878,-7.698,7.781,"S","J"],[117.514,4.184,-183.337,0.003,0,-1,0,1,0,1,0,0.003,13.223,-8.968,6.921,"S","J"],[117.589,4.129,-183.302,0.004,0,-1,0,1,0,1,0,0.004,13.516,-10.056,6.184,"S","J"],[117.697,4.04,-183.26,0.004,0,-1,0,1,0,1,0,0.004,13.932,-11.596,5.142,"S","J"],[117.782,3.965,-183.233,0.004,0,-1,0,1,0,1,0,0.004,14.246,-12.761,4.353,"S","J"],[117.869,3.884,-183.21,0.004,0,-1,0,1,0,1,0,0.004,14.564,-13.946,3.551,"S","J"],[117.894,3.83,-183.199,0.004,0,-1,0,1,0,1,0,0.004,10.87,-13.874,2.91,"S","J"],[117.826,3.735,-183.186,0.004,0,-1,0,1,0,1,0,0.004,-6.517,-11.526,1.54,"S","J"],[117.785,3.649,-183.176,0.004,0,-1,0,1,0,1,0,0.004,-5.53,-12.884,1.47,"S","J"],[117.768,3.601,-183.171,0.004,0,-1,0,1,0,1,0,0.004,-5.034,-13.566,1.435,"S","J"],[117.751,3.548,-183.166,-0.039,0,-0.999,0,1,0,0.999,0,-0.039,-4.519,-14.298,1.298,"S","J"],[117.73,3.46,-183.159,-0.138,0,-0.99,0,1,0,0.99,0,-0.138,-3.737,-15.415,1.074,"S","J"],[117.705,3.318,-183.152,-0.297,0,-0.955,0,1,0,0.955,0,-0.297,-2.555,-17.102,0.734,"S","J"],[117.688,3.229,-183.149,-0.486,0,-0.874,0,1,0,0.874,0,-0.486,-2.607,-18.053,0.866,"S","J"],[117.64,3.097,-183.15,-0.681,0,-0.733,0,1,0,0.733,0,-0.681,-4.671,-19.424,1.923,"S","J"],[117.493,3.04,-183.217,-0.906,-0.001,-0.424,0,1,-0.001,0.424,-0.001,-0.906,-5.1,-12.579,1.913,"S","J"],[117.302,3.147,-183.236,-0.999,-0.001,0.041,-0.001,1,-0.001,-0.041,-0.001,-0.999,-1.204,20.257,0.46,7,"J"],[117.3,3.239,-183.234,-0.959,0,0.282,0,1,0,-0.282,0,-0.959,-0.598,19.329,0.232,5,"J"],[117.285,3.341,-183.234,-0.785,-0.001,0.62,0,1,0,-0.62,0,-0.785,-0.202,18.22,0.076,7,"J"],[117.258,3.452,-183.234,-0.615,-0.002,0.788,-0.001,1,0.001,-0.789,0,-0.615,-0.036,16.973,0.009,5,"J"],[117.258,3.539,-183.234,-0.473,-0.001,0.881,0,1,0.001,-0.881,0,-0.473,-0.001,15.91,0.002,7,"J"],[117.258,3.612,-183.234,-0.481,0,0.877,0,1,0.001,-0.877,0,-0.481,0,14.945,0.001,5,"J"],[117.258,3.678,-183.234,-0.52,0,0.854,0,1,0,-0.854,0,-0.52,-0.004,14.033,-0.001,7,"J"],[117.258,3.809,-183.234,-0.727,0.001,0.686,0.001,1,-0.001,-0.686,0,-0.727,-0.015,11.995,-0.002,5,"J"],[117.258,3.887,-183.234,-0.888,0.001,0.46,0.001,1,-0.001,-0.46,0,-0.888,-0.018,19.844,-0.001,8,"J"],[117.257,4.224,-183.234,-1,0.001,-0.031,0.001,1,-0.001,0.031,-0.001,-1,-0.014,52.39,0.001,3,"J"],[117.257,4.547,-183.234,-0.906,0,-0.424,0,1,-0.001,0.424,-0.001,-0.906,-0.008,51.159,0.005,5,"J"],[117.257,4.84,-183.234,-0.776,0,-0.631,0,1,-0.001,0.631,0,-0.776,-0.003,50.011,0.006,"S","J"],[117.257,5.046,-183.234,-0.76,0,-0.65,0,1,0,0.65,0,-0.76,0.002,49.191,0.007,"S","J"],[117.257,5.36,-183.234,-0.746,0,-0.666,0,1,0,0.666,0,-0.746,0.004,47.907,0.006,"S","J"],[117.257,5.653,-183.234,-0.726,0,-0.688,0,1,0,0.688,0,-0.726,0.005,46.688,0.004,"S","J"],[117.257,5.916,-183.234,-0.708,0,-0.706,0,1,0,0.706,0,-0.708,0.004,45.551,0.003,"S","J"],[117.257,6.206,-183.234,-0.682,0,-0.732,0,1,0,0.732,0,-0.682,0.003,44.278,0.002,"S","J"],[117.257,6.487,-183.234,-0.645,0,-0.764,0,1,0,0.764,0,-0.645,0.002,43.004,0.001,"S","J"],[117.257,6.664,-183.234,-0.612,0,-0.791,0,1,0,0.791,0,-0.612,0.002,42.185,0,"S","J"],[117.257,6.912,-183.234,-0.581,0,-0.814,0,1,0,0.814,0,-0.581,0.001,40.996,0,"S","J"],[117.257,7.179,-183.234,-0.556,0,-0.831,0,1,0,0.831,0,-0.556,0,39.69,0,"S","J"],[117.257,7.405,-183.234,-0.53,0,-0.848,0,1,0,0.848,0,-0.53,0,38.538,0,"S","J"],[117.257,7.631,-183.234,-0.515,0,-0.857,0,1,0,0.857,0,-0.515,0,37.364,0,"S","J"],[117.257,7.9,-183.234,-0.497,0,-0.868,0,1,0,0.868,0,-0.497,0,35.909,0,"S","J"],[117.257,8.091,-183.234,-0.48,0,-0.877,0,1,0,0.877,0,-0.48,0,34.834,0,"S","J"],[117.257,8.222,-183.234,-0.47,0,-0.883,0,1,0,0.883,0,-0.47,0,34.078,0,"S","J"],[117.257,8.456,-183.234,-0.457,0,-0.889,0,1,0,0.889,0,-0.457,0,32.685,0,"S","J"],[117.257,8.697,-183.234,-0.443,0,-0.896,0,1,0,0.896,0,-0.443,0,31.176,0,"S","J"],[117.257,8.873,-183.234,-0.435,0,-0.9,0,1,0,0.9,0,-0.435,0,30.044,0,"S","J"],[117.257,9.064,-183.234,-0.42,0,-0.908,0,1,0,0.908,0,-0.42,0,28.741,0,"S","J"],[117.257,9.226,-183.234,-0.411,0,-0.912,0,1,0,0.912,0,-0.411,0,27.603,0,"S","J"],[117.257,9.358,-183.234,-0.389,0,-0.921,0,1,0,0.921,0,-0.389,0,26.624,0,"S","J"],[117.265,9.653,-183.231,-0.323,0,-0.946,0,1,0,0.946,0,-0.323,1.147,24.325,0.463,"S","J"],[117.277,9.797,-183.226,-0.31,0,-0.951,0,1,0,0.951,0,-0.31,1.989,23.105,0.751,"S","J"],[117.303,9.995,-183.217,-0.289,0,-0.957,0,1,0,0.957,0,-0.289,3.218,21.325,1.167,"S","J"],[117.32,10.092,-183.211,-0.265,0,-0.964,0,1,0,0.964,0,-0.265,3.855,20.408,1.368,"S","J"],[117.372,10.294,-183.193,-0.234,0,-0.972,0,1,0,0.972,0,-0.234,5.328,18.311,1.773,"S","J"],[117.382,10.323,-183.19,-0.225,0,-0.974,0,1,0,0.974,0,-0.225,5.559,17.986,1.828,"S","J"],[117.434,10.459,-183.174,-0.201,0,-0.98,0,1,0,0.98,0,-0.201,6.694,16.394,2.066,"S","J"],[117.456,10.507,-183.167,-0.185,0,-0.983,0,1,0,0.983,0,-0.185,7.127,15.791,2.142,"S","J"],[117.509,10.606,-183.152,-0.152,0,-0.988,0,1,0,0.988,0,-0.152,8.08,14.471,2.264,"S","J"],[117.571,10.7,-183.136,-0.133,0,-0.991,0,1,0,0.991,0,-0.133,9.08,13.097,2.329,"S","J"],[117.615,10.757,-183.125,-0.11,0,-0.994,0,1,0,0.994,0,-0.11,9.736,12.196,2.346,"S","J"],[117.683,10.826,-183.11,-0.083,0,-0.997,0,1,0,0.997,0,-0.083,10.644,10.949,2.294,"S","J"],[117.816,10.933,-183.087,-0.06,0,-0.998,0,1,0,0.998,0,-0.06,12.239,8.723,2.02,"S","J"],[117.845,10.978,-183.078,-0.048,0,-0.999,0.003,1,0,0.999,-0.003,-0.048,3.198,4.67,0.882,"S","J"],[117.83,10.993,-183.076,-0.042,0,-0.999,0.005,1,0,0.999,-0.005,-0.042,-2.029,1.918,0.338,"S","J"],[117.82,11,-183.073,-0.038,0,-0.999,0.005,1,0,0.999,-0.005,-0.038,-1.049,0.566,0.441,"S","J"],[117.818,10.999,-183.071,-0.035,0,-0.999,0.004,1,0,0.999,-0.004,-0.035,-0.404,-0.319,0.469,"S","J"],[117.823,10.985,-183.067,-0.033,0,-0.999,0.002,1,0,0.999,-0.002,-0.033,0.766,-1.926,0.486,"S","J"],[117.825,10.974,-183.065,-0.033,0,-0.999,0.001,1,0,0.999,-0.001,-0.033,0.671,-2.779,0.335,"S","J"],[117.827,10.954,-183.065,-0.033,0,-0.999,0.001,1,0,0.999,-0.001,-0.033,0.188,-3.868,0.114,"S","J"],[117.827,10.923,-183.064,-0.029,0,-1,0,1,0,1,0,-0.029,0.072,-5.026,0.053,"S","J"],[117.827,10.893,-183.064,0.002,0,-1,0,1,0,1,0,0.002,0.015,-6.059,0.02,"S","J"],[117.827,10.843,-183.064,0.124,0,-0.992,0,1,0,0.992,0,0.124,0.004,-7.406,0.009,"S","J"],[117.803,10.803,-183.066,0.206,0,-0.979,0,1,0,0.979,0,0.206,-0.649,-8.385,-0.616,"S","J"],[117.751,10.764,-183.074,0.287,0,-0.958,0,1,0,0.958,0,0.287,-1.743,-9.209,-1.839,"S","J"],[117.626,10.669,-183.106,0.586,0,-0.81,0,1,0,0.81,0,0.586,-4.167,-10.968,-4.146,"S","J"],[117.476,10.776,-183.118,0.784,0,-0.621,0,1,0,0.621,0,0.784