[[91.677,-16.497,-203.313,-0.922,0,-0.386,0,1,0,0.386,0,-0.922,6.179,0,14.756,8,0],[91.729,-16.497,-203.192,-0.922,0,-0.386,0,1,0,0.386,0,-0.922,6.182,0,14.757,"S","J"],[91.771,-16.497,-203.092,-0.922,0,-0.386,0,1,0,0.386,0,-0.922,6.182,0,14.757,"S","J"],[91.814,-16.497,-202.987,-0.922,0,-0.386,0,1,0,0.386,0,-0.922,"v","S","J"],[91.832,-16.497,-202.944,-0.922,0,-0.388,0,1,0,0.388,0,-0.922,"v","S",1],[91.874,-16.497,-202.845,-0.921,0,-0.389,0,1,0,0.389,0,-0.921,"v",3,"J"],[91.913,-16.497,-202.751,-0.921,0,-0.389,0,1,0,0.389,0,-0.921,6.205,0,14.748,8,"J"],[91.949,-16.497,-202.666,-0.921,0,-0.389,0,1,0,0.389,0,-0.921,6.221,0,14.741,3,"J"],[91.989,-16.497,-202.57,-0.921,0,-0.389,0,1,0,0.389,0,-0.921,6.229,0,14.738,8,0],[92.036,-16.497,-202.461,-0.921,0,-0.389,0,1,0,0.389,0,-0.921,6.23,0,14.737,"S","J"],[92.067,-16.497,-202.387,-0.921,0,-0.389,0,1,0,0.389,0,-0.921,6.23,0,14.737,"S","J"],[92.108,-16.497,-202.291,-0.921,0,-0.389,0,1,0,0.389,0,-0.921,"v","S","J"],[92.146,-16.497,-202.201,-0.921,0,-0.389,0,1,0,0.389,0,-0.921,"v","S","J"],[92.19,-16.497,-202.096,-0.921,0,-0.389,0,1,0,0.389,0,-0.921,"v","S","J"],[92.223,-16.497,-202.018,-0.921,0,-0.389,0,1,0,0.389,0,-0.921,"v","S","J"],[92.268,-16.497,-201.914,-0.921,0,-0.389,0,1,0,0.389,0,-0.921,"v","S","J"],[92.306,-16.497,-201.823,-0.921,0,-0.389,0,1,0,0.389,0,-0.921,"v","S","J"],[92.332,-16.497,-201.761,-0.921,0,-0.389,0,1,0,0.389,0,-0.921,"v","S","J"],[92.383,-16.093,-201.641,-0.921,0,-0.389,0,1,0,0.389,0,-0.921,6.23,47.974,14.737,"S","J"],[92.415,-15.827,-201.565,-0.921,0,-0.389,0,1,0,0.389,0,-0.921,6.23,51.299,14.737,3,"J"],[92.438,-15.646,-201.513,-0.921,0,-0.389,0,1,0,0.389,0,-0.921,6.23,50.594,14.737,5,"J"],[92.481,-15.303,-201.41,-0.921,0,-0.389,0,1,0,0.389,0,-0.921,6.23,49.232,14.737,"S","J"],[92.514,-15.035,-201.328,-0.921,0,-0.389,0,1,0,0.389,0,-0.921,6.23,48.149,14.737,"S","J"],[92.565,-14.651,-201.208,-0.921,0,-0.389,0,1,0,0.389,0,-0.921,6.23,46.541,14.737,"S","J"],[92.589,-14.476,-201.151,-0.92,0,-0.391,0,1,0,0.391,0,-0.92,6.23,45.79,14.737,"S","J"],[92.649,-14.052,-201.01,-0.92,0,-0.392,0,1,0,0.392,0,-0.92,6.233,43.916,14.736,"S","J"],[92.668,-13.923,-200.966,-0.919,0,-0.394,0,1,0,0.394,0,-0.919,6.255,43.329,14.726,"S","J"],[92.698,-13.721,-200.897,-0.919,0,-0.395,0,1,0,0.395,0,-0.919,6.272,42.398,14.72,"S","J"],[92.75,-13.379,-200.775,-0.919,0,-0.395,0,1,0,0.395,0,-0.919,6.318,40.77,14.699,"S","J"],[92.803,-13.047,-200.651,-0.919,0,-0.395,0,1,0,0.395,0,-0.919,6.325,39.121,14.697,"S","J"],[92.834,-12.862,-200.58,-0.917,0,-0.399,0,1,0,0.399,0,-0.917,6.326,38.174,14.696,"S","J"],[92.853,-12.75,-200.536,-0.916,0,-0.401,0,1,0,0.401,0,-0.916,6.326,37.586,14.696,"S","J"],[92.901,-12.474,-200.425,-0.916,0,-0.401,0,1,0,0.401,0,-0.916,6.361,36.1,14.681,"S","J"],[92.93,-12.312,-200.358,-0.916,0,-0.401,0,1,0,0.401,0,-0.916,6.394,35.2,14.666,"S","J"],[92.985,-12.022,-200.232,-0.916,0,-0.401,0,1,0,0.401,0,-0.916,6.418,33.52,14.657,"S","J"],[93.021,-11.836,-200.149,-0.915,0,-0.404,0,1,0,0.404,0,-0.915,6.421,32.399,14.655,"S","J"],[93.066,-11.618,-200.046,-0.915,0,-0.404,0,1,0,0.404,0,-0.915,6.422,31.035,14.654,"S","J"],[93.096,-11.482,-199.98,-0.915,0,-0.404,0,1,0,0.404,0,-0.915,6.45,30.155,14.642,"S","J"],[93.129,-11.332,-199.905,-0.915,0,-0.404,0,1,0,0.404,0,-0.915,6.464,29.147,14.636,"S","J"],[93.175,-11.132,-199.801,-0.915,0,-0.404,0,1,0,0.404,0,-0.915,6.469,27.744,14.634,"S","J"],[93.211,-10.985,-199.721,-0.915,0,-0.404,0,1,0,0.404,0,-0.915,6.47,26.666,14.634,"S","J"],[93.247,-10.842,-199.64,-0.915,0,-0.404,0,1,0,0.404,0,-0.915,6.47,25.575,14.633,"S","J"],[93.315,-10.586,-199.485,-0.915,0,-0.403,0,1,0,0.403,0,-0.915,6.45,23.498,14.642,"S","J"],[93.338,-10.505,-199.433,-0.915,0,-0.403,0,1,0,0.403,0,-0.915,6.448,22.8,14.643,"S","J"],[93.389,-10.333,-199.316,-0.915,0,-0.403,0,1,0,0.403,0,-0.915,6.447,21.236,14.644,"S","J"],[93.418,-10.243,-199.252,-0.915,0,-0.403,0,1,0,0.403,0,-0.915,6.447,20.374,14.644,"S","J"],[93.464,-10.105,-199.147,-0.915,0,-0.403,0,1,0,0.403,0,-0.915,6.447,18.968,14.644,"S","J"],[93.498,-10.011,-199.071,-0.915,0,-0.403,0,1,0,0.403,0,-0.915,6.447,17.95,14.644,"S","J"],[93.532,-9.922,-198.994,-0.915,0,-0.403,0,1,0,0.403,0,-0.915,6.447,16.92,14.644,"S","J"],[93.582,-9.797,-198.878,-0.915,0,-0.403,0,1,0,0.403,0,-0.915,6.447,15.372,14.644,"S","J"],[93.618,-9.717,-198.795,-0.915,0,-0.404,0,1,0,0.404,0,-0.915,6.447,14.262,14.644,"S","J"],[93.667,-9.619,-198.687,-0.914,0,-0.406,0,1,0,0.406,0,-0.914,6.447,12.805,14.644,"S","J"],[93.691,-9.573,-198.631,-0.914,0,-0.406,0,1,0,0.406,0,-0.914,6.449,12.062,14.643,"S","J"],[93.748,-9.479,-198.503,-0.913,0,-0.409,0,1,0,0.409,0,-0.913,6.489,10.349,14.626,"S","J"],[93.771,-9.444,-198.45,-0.913,0,-0.409,0,1,0,0.409,0,-0.913,6.493,9.636,14.623,"S","J"],[93.807,-9.398,-198.37,-0.913,0,-0.409,0,1,0,0.409,0,-0.913,6.527,8.563,14.609,"S","J"],[93.854,-9.343,-198.265,-0.913,0,-0.409,0,1,0,0.409,0,-0.913,6.54,7.15,14.602,"S","J"],[93.908,-9.293,-198.144,-0.913,0,-0.409,0,1,0,0.409,0,-0.913,6.542,5.519,14.601,"S","J"],[93.934,-9.275,-198.085,-0.913,0,-0.409,0,1,0,0.409,0,-0.913,6.542,4.729,14.601,"S","J"],[93.971,-9.255,-198.003,-0.913,0,-0.409,0,1,0,0.409,0,-0.913,6.542,3.632,14.601,"S","J"],[94.01,-9.238,-197.916,-0.913,0,-0.409,0,1,0,0.409,0,-0.913,6.542,2.461,14.601,"S","J"],[94.055,-9.23,-197.816,-0.913,0,-0.409,0,1,0,0.409,0,-0.913,6.542,1.117,14.601,"S","J"],[94.099,-9.228,-197.719,-0.913,0,-0.409,0,1,0,0.409,0,-0.913,6.542,-0.193,14.601,"S","J"],[94.128,-9.233,-197.653,-0.913,0,-0.409,0,1,0,0.409,0,-0.913,6.542,-1.073,14.601,"S","J"],[94.186,-9.253,-197.525,-0.913,0,-0.409,0,1,0,0.409,0,-0.913,6.542,-2.788,14.601,"S","J"],[94.208,-9.265,-197.474,-0.913,0,-0.409,0,1,0,0.409,0,-0.913,6.542,-3.471,14.601,"S","J"],[94.239,-9.287,-197.405,-0.913,0,-0.409,0,1,0,0.409,0,-0.913,6.542,-4.417,14.601,"S","J"],[94.292,-9.331,-197.288,-0.913,0,-0.409,0,1,0,0.409,0,-0.913,6.542,-5.983,14.601,"S","J"],[94.328,-9.371,-197.207,-0.913,0,-0.409,0,1,0,0.409,0,-0.913,6.542,-7.068,14.601,"S","J"],[94.373,-9.425,-197.108,-0.913,0,-0.409,0,1,0,0.409,0,-0.913,6.542,-8.397,14.601,"S","J"],[94.402,-9.468,-197.042,-0.913,0,-0.409,0,1,0,0.409,0,-0.913,6.542,-9.293,14.601,"S","J"],[94.447,-9.539,-196.941,-0.913,0,-0.409,0,1,0,0.409,0,-0.913,6.542,-10.65,14.601,"S","J"],[94.491,-9.617,-196.844,-0.913,0,-0.409,0,1,0,0.409,0,-0.913,6.542,-11.941,14.601,"S","J"],[94.529,-9.693,-196.758,-0.913,0,-0.409,0,1,0,0.409,0,-0.913,6.542,-13.102,14.601,"S","J"],[94.576,-9.795,-196.654,-0.913,0,-0.409,0,1,0,0.409,0,-0.913,6.542,-14.497,14.601,"S","J"],[94.617,-9.891,-196.562,-0.913,0,-0.409,0,1,0,0.409,0,-0.913,6.542,-15.731,14.601,"S","J"],[94.646,-9.965,-196.497,-0.913,0,-0.409,0,1,0,0.409,0,-0.913,6.542,-16.601,14.601,"S","J"],[94.699,-10.106,-196.381,-0.913,0,-0.409,0,1,0,0.409,0,-0.913,6.542,-18.168,14.601,"S","J"],[94.718,-10.163,-196.338,-0.913,0,-0.409,0,1,0,0.409,0,-0.913,6.542,-18.749,14.601,"S","J"],[94.754,-10.273,-196.256,-0.913,0,-0.409,0,1,0,0.409,0,-0.913,6.542,-19.849,14.601,"S","J"],[94.807,-10.44,-196.138,-0.913,0,-0.409,0,1,0,0.409,0,-0.913,6.52,-20.7,14.553,"S","J"],[94.834,-10.473,-196.078,-0.913,0,-0.409,0,1,0,0.409,0,-0.913,6.231,-7.743,13.896,7,"J"],[94.899,-10.489,-195.934,-0.913,0,-0.409,0,1,0,0.409,0,-0.913,8.746,-1.121,19.297,"S","J"],[94.941,-10.491,-195.84,-0.913,0,-0.409,0,1,0,0.409,0,-0.913,10.059,-0.418,22.118,"S","J"],[95.037,-10.492,-195.632,-0.913,0,-0.409,0,1,0,0.409,0,-0.913,11.721,-0.058,25.653,"S","J"],[95.089,-10.492,-195.518,-0.913,0,-0.409,0,1,0,0.409,0,-0.913,12.167,-0.022,26.628,"S","J"],[95.188,-10.492,-195.301,-0.913,0,-0.409,0,1,0,0.409,0,-0.913,12.028,-0.003,26.31,"S","J"],[95.24,-10.492,-195.187,-0.913,0,-0.409,0,1,0,0.409,0,-0.913,12.288,-0.001,26.891,"S","J"],[95.31,-10.497,-195.034,-0.913,0,-0.409,0,1,0,0.409,0,-0.913,12.391,-0.497,27.12,"S","J"],[95.429,-10.525,-194.772,-0.913,0,-0.409,0,1,0,0.409,0,-0.913,12.434,-3.468,27.216,8,"J"],[95.497,-10.548,-194.624,-0.913,0,-0.409,0,1,0,0.409,0,-0.913,12.442,-4.679,27.233,"S","J"],[95.542,-10.568,-194.527,-0.913,0,-0.409,0,1,0,0.409,0,-0.913,12.442,-5.375,27.234,"S","J"],[95.635,-10.617,-194.323,-0.913,0,-0.409,0,1,0,0.409,0,-0.913,12.443,-6.844,27.235,"S","J"],[95.697,-10.655,-194.189,-0.913,0,-0.409,0,1,0,0.409,0,-0.913,12.443,-7.816,27.235,"S","J"],[95.805,-10.735,-193.95,-0.913,0,-0.409,0,1,0,0.409,0,-0.913,12.443,-9.534,27.235,"S","J"],[95.85,-10.772,-193.852,-0.913,0,-0.409,0,1,0,0.409,0,-0.913,12.443,-10.236,27.235,"S","J"],[95.96,-10.873,-193.612,-0.913,0,-0.409,0,1,0,0.409,0,-0.913,12.443,-11.97,27.235,"S","J"],[96.007,-10.875,-193.511,-0.913,0,-0.409,0,1,0,0.409,0,-0.913,12.443,-1.772,27.235,"S","J"],[96.076,-10.862,-193.356,-0.913,0,-0.409,0,1,0,0.409,0,-0.913,12.443,2.577,27.235,"S","J"],[96.162,-10.833,-193.168,-0.913,0,-0.409,0,1,0,0.409,0,-0.913,12.443,4.409,27.235,"S","J"],[96.21,-10.814,-193.065,-0.913,0,-0.409,0,1,0,0.409,0,-0.913,12.443,5.114,27.235,"S","J"],[96.303,-10.77,-192.861,-0.913,0,-0.409,0,1,0,0.409,0,-0.913,12.443,5.979,27.235,"S","J"],[96.371,-10.735,-192.71,-0.913,0,-0.409,0,1,0,0.409,0,-0.913,12.443,6.464,27.235,"S","J"],[96.485,-10.672,-192.462,-0.912,0,-0.41,0,1,0,0.41,0,-0.912,12.456,6.946,27.229,"S","J"],[96.53,-10.647,-192.365,-0.912,0,-0.41,0,1,0,0.41,0,-0.912,12.457,7.101,27.229,"S","J"],[96.626,-10.59,-192.154,-0.912,0,-0.41,0,1,0,0.41,0,-0.912,12.458,7.324,27.229,"S","J"],[96.678,-10.559,-192.039,-0.912,0,-0.41,0,1,0,0.41,0,-0.912,12.458,7.438,27.229,"S","J"],[96.735,-10.525,-191.915,-0.912,0,-0.41,0,1,0,0.41,0,-0.912,12.458,7.541,27.229,"S","J"],[96.853,-10.452,-191.656,-0.912,0,-0.41,0,1,0,0.41,0,-0.912,12.458,7.664,27.229,"S","J"],[96.943,-10.397,-191.46,-0.912,0,-0.41,0,1,0,0.41,0,-0.912,12.458,7.739,27.229,"S","J"],[97.006,-10.357,-191.324,-0.912,0,-0.41,0,1,0,0.41,0,-0.912,12.458,7.803,27.229,"S","J"],[97.051,-10.33,-191.225,-0.912,0,-0.41,0,1,0,0.41,0,-0.912,12.458,7.838,27.229,"S","J"],[97.168,-10.255,-190.97,-0.912,0,-0.41,0,1,0,0.41,0,-0.912,12.458,7.872,27.229,"S","J"],[97.242,-10.208,-190.807,-0.912,0,-0.41,0,1,0,0.41,0,-0.912,12.458,7.894,27.229,"S","J"],[97.306,-10.168,-190.668,-0.912,0,-0.41,0,1,0,0.41,0,-0.912,12.506,7.765,27.334,"S","J"],[97.348,-10.143,-190.576,-0.912,0,-0.41,0,1,0,0.41,0,-0.912,12.548,7.613,27.429,"S","J"],[97.434,-10.095,-190.387,-0.912,0,-0.41,0,1,0,0.41,0,-0.912,12.608,6.992,27.562,"S","J"],[97.515,-10.054,-190.211,-0.912,0,-0.41,0,1,0,0.41,0,-0.912,12.643,6.016,27.639,"S","J"],[97.595,-10.019,-190.035,-0.912,0,-0.41,0,1,0,0.41,0,-0.912,12.511,5.319,27.347,"S","J"],[97.659,-9.993,-189.895,-0.912,0,-0.41,0,1,0,0.41,0,-0.912,11.705,4.509,25.615,"S","J"],[97.7,-9.98,-189.804,-0.912,0,-0.41,0,1,0,0.41,0,-0.912,10.693,3.39,23.447,"S","J"],[97.779,-9.966,-189.632,-0.912,0,-0.41,0,1,0,0.41,0,-0.912,8.402,1.209,18.543,"S","J"],[97.813,-9.964,-189.555,-0.913,0,-0.408,0,1,0,0.408,0,-0.913,7.183,0.08,15.959,"S","J"],[97.846,-9.748,-189.481,-0.913,0,-0.408,0,1,0,0.408,0,-0.913,6.992,25.92,15.556,"S","J"],[97.895,-9.387,-189.374,-0.913,0,-0.408,0,1,0,0.408,0,-0.913,6.992,52.49,15.556,3,"J"],[97.946,-8.997,-189.26,-0.913,0,-0.408,0,1,0,0.408,0,-0.913,6.707,50.994,14.98,5,"J"],[97.973,-8.785,-189.197,-0.913,0,-0.408,0,1,0,0.408,0,-0.913,6.578,50.169,14.72,"S","J"],[98.007,-8.535,-189.123,-0.913,0,-0.408,0,1,0,0.408,0,-0.913,6.54,49.173,14.643,"S","J"],[98.052,-8.204,-189.022,-0.913,0,-0.408,0,1,0,0.408,0,-0.913,6.528,47.819,14.619,"S","J"],[98.113,-7.765,-188.884,-0.913,0,-0.408,0,1,0,0.408,0,-0.913,6.524,45.966,14.611,"S","J"],[98.141,-7.578,-188.824,-0.913,0,-0.408,0,1,0,0.408,0,-0.913,6.524,45.155,14.61,"S","J"],[98.171,-7.372,-188.756,-0.913,0,-0.408,0,1,0,0.408,0,-0.913,6.524,44.248,14.61,"S","J"],[98.225,-7.013,-188.634,-0.913,0,-0.408,0,1,0,0.408,0,-0.913,6.524,42.606,14.61,"S","J"],[98.252,-6.837,-188.573,-0.913,0,-0.408,0,1,0,0.408,0,-0.913,6.524,41.784,14.61,"S","J"],[98.297,-6.564,-188.474,-0.913,0,-0.408,0,1,0,0.408,0,-0.913,6.524,40.458,14.61,"S","J"],[98.337,-6.322,-188.385,-0.913,0,-0.408,0,1,0,0.408,0,-0.913,6.524,39.264,14.61,"S","J"],[98.396,-5.975,-188.251,-0.913,0,-0.408,0,1,0,0.408,0,-0.913,6.524,37.47,14.61,"S","J"],[98.419,-5.843,-188.199,-0.913,0,-0.408,0,1,0,0.408,0,-0.913,6.524,36.77,14.61,"S","J"],[98.451,-5.673,-188.131,-0.913,0,-0.408,0,1,0,0.408,0,-0.913,6.524,35.839,14.61,"S","J"],[98.489,-5.469,-188.044,-0.913,0,-0.408,0,1,0,0.408,0,-0.913,6.524,34.677,14.61,"S","J"],[98.543,-5.191,-187.922,-0.913,0,-0.408,0,1,0,0.408,0,-0.913,6.524,33.047,14.61,"S","J"],[98.577,-5.023,-187.846,-0.913,0,-0.408,0,1,0,0.408,0,-0.913,6.524,32.03,14.61,"S","J"],[98.629,-4.778,-187.73,-0.913,0,-0.408,0,1,0,0.408,0,-0.913,6.524,30.472,14.61,"S","J"],[98.66,-4.637,-187.661,-0.913,0,-0.408,0,1,0,0.408,0,-0.913,6.524,29.54,14.61,"S","J"],[98.683,-4.532,-187.608,-0.913,0,-0.408,0,1,0,0.408,0,-0.913,6.524,28.824,14.61,"S","J"],[98.73,-4.336,-187.504,-0.913,0,-0.408,0,1,0,0.408,0,-0.913,6.524,27.427,14.61,"S","J"],[98.769,-4.18,-187.418,-0.913,0,-0.408,0,1,0,0.408,0,-0.913,6.524,26.276,14.61,"S","J"],[98.829,-3.948,-187.282,-0.913,0,-0.408,0,1,0,0.408,0,-0.913,6.524,24.45,14.61,"S","J"],[98.849,-3.873,-187.237,-0.913,0,-0.408,0,1,0,0.408,0,-0.913,6.524,23.836,14.61,"S","J"],[98.881,-3.761,-187.164,-0.913,0,-0.408,0,1,0,0.408,0,-0.913,6.511,22.864,14.616,"S","J"],[98.932,-3.589,-187.049,-0.912,0,-0.411,0,1,0,0.411,0,-0.912,6.515,21.32,14.614,"S","J"],[98.985,-3.429,-186.933,-0.911,0,-0.412,0,1,0,0.412,0,-0.911,6.533,19.755,14.605,"S","J"],[99.007,-3.362,-186.883,-0.911,0,-0.413,0,1,0,0.413,0,-0.911,6.55,19.074,14.597,"S","J"],[99.065,-3.207,-186.755,-0.909,0,-0.417,0,1,0,0.417,0,-0.909,6.579,17.362,14.584,"S","J"],[99.09,-3.144,-186.7,-0.909,0,-0.418,0,1,0,0.418,0,-0.909,6.598,16.624,14.576,"S","J"],[99.14,-3.028,-186.589,-0.908,0,-0.419,0,1,0,0.419,0,-0.908,6.652,15.131,14.552,"S","J"],[99.177,-2.948,-186.508,-0.907,0,-0.42,0,1,0,0.42,0,-0.907,6.675,14.038,14.541,"S","J"],[99.205,-2.892,-186.448,-0.907,0,-0.422,0,1,0,0.422,0,-0.907,6.698,13.222,14.531,"S","J"],[99.247,-2.819,-186.359,-0.905,0,-0.425,0,1,0,0.425,0,-0.905,6.718,12.021,14.521,"S","J"],[99.298,-2.736,-186.247,-0.904,0,-0.427,0,1,0,0.427,0,-0.904,6.746,10.508,14.508,"S","J"],[99.35,-2.664,-186.138,-0.901,0,-0.434,0,1,0,0.434,0,-0.901,6.795,9.031,14.485,"S","J"],[99.376,-2.632,-186.083,-0.899,0,-0.437,0,1,0,0.437,0,-0.899,6.832,8.281,14.468,"S","J"],[99.41,-2.597,-186.012,-0.895,0,-0.446,0,1,0,0.446,0,-0.895,6.89,7.311,14.44,"S","J"],[99.461,-2.55,-185.905,-0.887,0,-0.461,0,1,0,0.461,0,-0.887,6.974,5.856,14.4,"S","J"],[99.518,-2.514,-185.792,-0.878,0,-0.478,0,1,0,0.478,0,-0.878,7.192,4.305,14.291,"S","J"],[99.554,-2.496,-185.721,-0.867,0,-0.499,0,1,0,0.499,0,-0.867,7.334,3.344,14.22,"S","J"],[99.571,-2.49,-185.689,-0.861,0,-0.509,0,1,0,0.509,0,-0.861,7.425,2.898,14.172,"S","J"],[99.635,-2.477,-185.575,-0.835,0,-0.551,0,1,0,0.551,0,-0.835,7.845,1.287,13.942,"S","J"],[99.676,-2.474,-185.505,-0.817,0,-0.577,0,1,0,0.577,0,-0.817,8.102,0.292,13.795,"S","J"],[99.75,-2.483,-185.39,-0.794,0,-0.609,0,1,0,0.609,0,-0.794,8.772,-1.384,13.371,"S","J"],[99.795,-2.494,-185.324,-0.777,0,-0.63,0,1,0,0.63,0,-0.777,9.143,-2.36,13.125,"S","J"],[99.863,-2.52,-185.233,-0.76,0,-0.65,0,1,0,0.65,0,-0.76,9.602,-3.757,12.791,"S","J"],[99.916,-2.544,-185.166,-0.746,0,-0.666,0,1,0,0.666,0,-0.746,9.94,-4.804,12.533,"S","J"],[99.975,-2.578,-185.097,-0.737,0,-0.676,0,1,0,0.676,0,-0.737,10.235,-5.922,12.293,"S","J"],[100.068,-2.642,-184.99,-0.729,0,-0.684,0,1,0,0.684,0,-0.729,10.578,-7.657,12.002,"S","J"],[100.123,-2.684,-184.929,-0.727,0,-0.687,0,1,0,0.687,0,-0.727,10.735,-8.667,11.863,"S","J"],[100.18,-2.734,-184.867,-0.725,0,-0.689,0,1,0,0.689,0,-0.725,10.886,-9.693,11.725,"S","J"],[100.256,-2.811,-184.786,-0.724,0,-0.689,0,1,0,0.689,0,-0.724,10.964,-11.067,11.653,"S","J"],[100.314,-2.873,-184.725,-0.724,0,-0.689,0,1,0,0.689,0,-0.724,11.002,-12.099,11.617,"S","J"],[100.364,-2.932,-184.672,-0.724,0,-0.689,0,1,0,0.689,0,-0.724,11.021,-12.991,11.599,"S","J"],[100.438,-3.026,-184.595,-0.724,0,-0.689,0,1,0,0.689,0,-0.724,11.028,-14.296,11.592,"S","J"],[100.499,-3.109,-184.531,-0.724,0,-0.689,0,1,0,0.689,0,-0.724,11.031,-15.377,11.59,"S","J"],[100.566,-3.211,-184.46,-0.724,0,-0.689,0,1,0,0.689,0,-0.724,11.031,-16.574,11.59,"S","J"],[100.922,-3.86,-184.086,-0.724,0,-0.689,0,1,0,0.689,0,-0.724,11.031,-22.906,11.59,"S","J"],[100.984,-3.994,-184.021,-0.724,0,-0.689,0,1,0,0.689,0,-0.724,11.031,-23.999,11.59,"S","J"],[101.051,-4.147,-183.95,-0.724,0,-0.689,0,1,0,0.689,0,-0.724,11.031,-25.206,11.59,"S","J"],[101.092,-4.245,-183.907,-0.724,0,-0.689,0,1,0,0.689,0,-0.724,11.031,-25.948,11.59,"S","J"],[101.158,-4.408,-183.837,-0.724,0,-0.689,0,1,0,0.689,0,-0.724,11.031,-27.122,11.59,"S","J"],[101.227,-4.582,-183.765,-0.724,0,-0.69,0,1,0,0.69,0,-0.724,11.032,-28.345,11.589,"S","J"],[101.273,-4.703,-183.716,-0.724,0,-0.69,0,1,0,0.69,0,-0.724,11.034,-29.163,11.587,7,"J"],[101.37,-4.971,-183.615,-0.724,0,-0.69,0,1,0,0.69,0,-0.724,11.034,-30.887,11.586,"S","J"],[101.434,-5.155,-183.548,-0.724,0,-0.69,0,1,0,0.69,0,-0.724,11.034,-32.026,11.586,"S","J"],[101.503,-5.363,-183.475,-0.724,0,-0.69,0,1,0,0.69,0,-0.724,11.034,-33.253,11.586,"S","J"],[101.563,-5.547,-183.412,-0.724,0,-0.69,0,1,0,0.69,0,-0.724,11.034,-34.314,11.586,"S","J"],[101.601,-5.668,-183.372,-0.724,0,-0.69,0,1,0,0.69,0,-0.724,11.034,-34.988,11.586,"S","J"],[101.694,-5.815,-183.275,-0.724,0,-0.69,0,1,0,0.69,0,-0.724,11.034,-13.311,11.586,"S","J"],[101.783,-5.842,-183.181,-0.724,0,-0.69,0,1,0,0.69,0,-0.724,11.034,-1.318,11.586,"S","J"],[101.846,-5.835,-183.116,-0.724,0,-0.69,0,1,0,0.69,0,-0.724,11.034,2.29,11.586,8,"J"],[101.892,-5.822,-183.067,-0.724,0,-0.69,0,1,0,0.69,0,-0.724,11.034,3.171,11.586,"S","J"],[101.977,-5.795,-182.977,-0.724,0,-0.69,0,1,0,0.69,0,-0.724,11.034,3.436,11.586,"S","J"],[102.017,-5.782,-182.935,-0.723,0,-0.691,0,1,0,0.691,0,-0.723,11.034,3.326,11.586,"S","J"],[102.085,-5.763,-182.865,-0.722,0,-0.692,0,1,0,0.692,0,-0.722,11.036,2.96,11.584,"S","J"],[102.174,-5.743,-182.771,-0.72,0,-0.694,0,1,0,0.694,0,-0.72,11.067,2.381,11.555,"S","J"],[102.212,-5.736,-182.731,-0.72,0,-0.694,0,1,0,0.694,0,-0.72,11.07,2.125,11.552,"S","J"],[102.312,-5.72,-182.627,-0.717,0,-0.697,0,1,0,0.697,0,-0.717,11.104,1.563,11.519,"S","J"],[102.362,-5.714,-182.576,-0.717,0,-0.697,0,1,0,0.697,0,-0.717,11.111,1.361,11.513,"S","J"],[102.428,-5.708,-182.507,-0.717,0,-0.697,0,1,0,0.697,0,-0.717,11.135,1.121,11.49,"S","J"],[102.491,-5.702,-182.443,-0.717,0,-0.697,0,1,0,0.697,0,-0.717,11.145,0.9,11.48,"S","J"],[102.581,-5.697,-182.35,-0.717,0,-0.697,0,1,0,0.697,0,-0.717,11.147,0.659,11.478,"S","J"],[102.63,-5.694,-182.299,-0.715,0,-0.699,0,1,0,0.699,0,-0.715,11.147,0.555,11.478,"S","J"],[102.671,-5.516,-182.257,-0.715,0,-0.699,0,1,0,0.699,0,-0.715,11.147,42.803,11.478,"S","J"],[102.769,-5.061,-182.157,-0.715,0,-0.699,0,1,0,0.699,0,-0.715,11.147,51.437,11.478,3,"J"],[102.832,-4.775,-182.092,-0.715,0,-0.699,0,1,0,0.699,0,-0.715,11.173,50.323,11.453,"S","J"],[102.919,-4.39,-182.003,-0.715,0,-0.699,0,1,0,0.699,0,-0.715,11.183,48.789,11.443,5,"J"],[102.974,-4.156,-181.946,-0.715,0,-0.699,0,1,0,0.699,0,-0.715,11.184,47.826,11.442,"S","J"],[103.064,-3.779,-181.854,-0.713,0,-0.701,0,1,0,0.701,0,-0.713,11.185,46.242,11.441,"S","J"],[103.135,-3.493,-181.781,-0.713,0,-0.701,0,1,0,0.701,0,-0.713,11.185,45.003,11.441,"S","J"],[103.179,-3.318,-181.737,-0.711,0,-0.703,0,1,0,0.703,0,-0.711,11.202,44.228,11.424,"S","J"],[103.255,-3.027,-181.659,-0.709,0,-0.705,0,1,0,0.705,0,-0.709,11.216,42.895,11.41,"S","J"],[103.317,-2.796,-181.597,-0.707,0,-0.707,0,1,0,0.707,0,-0.707,11.237,41.821,11.39,"S","J"],[103.413,-2.451,-181.5,-0.704,0,-0.71,0,1,0,0.71,0,-0.704,11.283,40.152,11.344,"S","J"],[103.463,-2.273,-181.45,-0.704,0,-0.711,0,1,0,0.711,0,-0.704,11.311,39.269,11.316,"S","J"],[103.536,-2.032,-181.378,-0.702,0,-0.712,0,1,0,0.712,0,-0.702,11.347,38.025,11.28,"S","J"],[103.595,-1.839,-181.32,-0.699,0,-0.716,0,1,0,0.716,0,-0.699,11.366,37.009,11.262,"S","J"],[103.677,-1.581,-181.238,-0.695,0,-0.719,0,1,0,0.719,0,-0.695,11.39,35.591,11.237,"S","J"],[103.747,-1.367,-181.17,-0.694,0,-0.72,0,1,0,0.72,0,-0.694,11.44,34.385,11.186,"S","J"],[103.797,-1.222,-181.121,-0.692,0,-0.722,0,1,0,0.722,0,-0.692,11.484,33.54,11.141,"S","J"],[103.833,-1.12,-181.086,-0.692,0,-0.722,0,1,0,0.722,0,-0.692,11.498,32.925,11.127,"S","J"],[103.912,-0.901,-181.01,-0.691,0,-0.722,0,1,0,0.722,0,-0.691,11.518,31.58,11.106,"S","J"],[104.013,-0.635,-180.912,-0.689,0,-0.724,0,1,0,0.724,0,-0.689,11.547,29.847,11.076,"S","J"],[104.066,-0.501,-180.862,-0.689,0,-0.724,0,1,0,0.724,0,-0.689,11.561,28.95,11.062,"S","J"],[104.133,-0.342,-180.799,-0.689,0,-0.724,0,1,0,0.724,0,-0.689,11.579,27.829,11.042,"S","J"],[104.21,-0.162,-180.725,-0.689,0,-0.724,0,1,0,0.724,0,-0.689,11.587,26.513,11.034,"S","J"],[104.28,-0.009,-180.658,-0.689,0,-0.724,0,1,0,0.724,0,-0.689,11.588,25.33,11.033,"S","J"],[104.356,0.151,-180.586,-0.689,0,-0.724,0,1,0,0.724,0,-0.689,11.589,24.049,11.032,"S","J"],[104.408,0.254,-180.537,-0.688,0,-0.726,0,1,0,0.726,0,-0.688,11.589,23.173,11.032,"S","J"],[104.487,0.404,-180.461,-0.686,0,-0.728,0,1,0,0.728,0,-0.686,11.589,21.834,11.032,"S","J"],[104.552,0.522,-180.4,-0.685,0,-0.729,0,1,0,0.729,0,-0.685,11.599,20.73,11.021,"S","J"],[104.599,0.604,-180.355,-0.684,0,-0.73,0,1,0,0.73,0,-0.684,11.625,19.931,10.993,"S","J"],[104.67,0.717,-180.288,-0.682,0,-0.731,0,1,0,0.731,0,-0.682,11.649,18.735,10.968,"S","J"],[104.754,0.844,-180.21,-0.681,0,-0.732,0,1,0,0.732,0,-0.681,11.673,17.335,10.943,"S","J"],[104.821,0.938,-180.147,-0.679,0,-0.734,0,1,0,0.734,0,-0.679,11.688,16.197,10.926,"S","J"],[104.879,1.016,-180.093,-0.678,0,-0.735,0,1,0,0.735,0,-0.678,11.699,15.227,10.915,"S","J"],[104.988,1.144,-179.991,-0.676,0,-0.737,0,1,0,0.737,0,-0.676,11.749,13.402,10.861,"S","J"],[105.043,1.203,-179.941,-0.675,0,-0.738,0,1,0,0.738,0,-0.675,11.763,12.488,10.846,"S","J"],[105.136,1.291,-179.856,-0.673,0,-0.739,0,1,0,0.739,0,-0.673,11.788,10.938,10.818,"S","J"],[105.199,1.345,-179.798,-0.673,0,-0.74,0,1,0,0.74,0,-0.673,11.8,9.893,10.806,"S","J"],[105.268,1.396,-179.735,-0.673,0,-0.74,0,1,0,0.74,0,-0.673,11.819,8.746,10.785,"S","J"],[105.355,1.454,-179.655,-0.673,0,-0.74,0,1,0,0.74,0,-0.673,11.836,7.298,10.766,"S","J"],[105.391,1.474,-179.623,-0.673,0,-0.74,0,1,0,0.74,0,-0.673,11.837,6.714,10.765,"S","J"],[105.491,1.52,-179.532,-0.673,0,-0.74,0,1,0,0.74,0,-0.673,11.838,5.047,10.764,"S","J"],[105.55,1.541,-179.479,-0.673,0,-0.74,0,1,0,0.74,0,-0.673,11.838,4.076,10.764,"S","J"],[105.61,1.556,-179.425,-0.673,0,-0.74,0,1,0,0.74,0,-0.673,11.838,3.089,10.764,"S","J"],[105.696,1.57,-179.346,-0.673,0,-0.74,0,1,0,0.74,0,-0.673,11.838,1.663,10.764,"S","J"],[105.778,1.574,-179.271,-0.67,0,-0.742,0,1,0,0.742,0,-0.67,11.838,0.296,10.764,"S","J"],[105.865,1.568,-179.193,-0.67,0,-0.742,0,1,0,0.742,0,-0.67,11.843,-1.132,10.759,"S","J"],[105.9,1.563,-179.161,-0.67,0,-0.742,0,1,0,0.742,0,-0.67,11.859,-1.727,10.741,"S","J"],[105.997,1.539,-179.072,-0.67,0,-0.742,0,1,0,0.742,0,-0.67,11.87,-3.329,10.728,"S","J"],[106.043,1.523,-179.031,-0.668,0,-0.744,0,1,0,0.744,0,-0.668,11.872,-4.087,10.726,"S","J"],[106.159,1.47,-178.926,-0.668,0,-0.744,0,1,0,0.744,0,-0.668,11.877,-6.013,10.721,"S","J"],[106.218,1.436,-178.874,-0.668,0,-0.744,0,1,0,0.744,0,-0.668,11.898,-6.974,10.698,"S","J"],[106.246,1.418,-178.848,-0.668,0,-0.744,0,1,0,0.744,0,-0.668,11.903,-7.447,10.693,"S","J"],[106.33,1.357,-178.773,-0.666,0,-0.746,0,1,0,0.746,0,-0.666,11.906,-8.818,10.688,"S","J"],[106.411,1.29,-178.701,-0.665,0,-0.746,0,1,0,0.746,0,-0.665,11.912,-10.153,10.683,"S","J"],[106.519,1.186,-178.604,-0.665,0,-0.747,0,1,0,0.747,0,-0.665,11.939,-11.929,10.652,"S","J"],[106.588,1.112,-178.542,-0.663,0,-0.749,0,1,0,0.749,0,-0.663,11.942,-13.072,10.648,"S","J"],[106.65,1.04,-178.488,-0.663,0,-0.749,0,1,0,0.749,0,-0.663,11.944,-14.078,10.647,"S","J"],[106.712,0.961,-178.432,-0.661,0,-0.75,0,1,0,0.75,0,-0.661,11.962,-15.096,10.626,"S","J"],[106.787,0.862,-178.366,-0.661,0,-0.751,0,1,0,0.751,0,-0.661,11.975,-16.318,10.611,"S","J"],[106.84,0.785,-178.319,-0.661,0,-0.751,0,1,0,0.751,0,-0.661,11.996,-17.189,10.588,"S","J"],[106.92,0.662,-178.249,-0.659,0,-0.752,0,1,0,0.752,0,-0.659,12.007,-18.502,10.574,"S","J"],[107.006,0.523,-178.173,-0.657,0,-0.754,0,1,0,0.754,0,-0.657,12.011,-19.898,10.57,"S","J"],[107.088,0.38,-178.101,-0.656,0,-0.755,0,1,0,0.755,0,-0.656,12.03,-21.242,10.549,"S","J"],[107.148,0.27,-178.048,-0.653,0,-0.757,0,1,0,0.757,0,-0.653,12.063,-22.222,10.511,"S","J"],[107.234,0.103,-177.974,-0.653,0,-0.757,0,1,0,0.757,0,-0.653,12.077,-23.618,10.495,"S","J"],[107.29,-0.01,-177.925,-0.653,0,-0.757,0,1,0,0.757,0,-0.653,12.098,-24.527,10.471,"S","J"],[107.372,-0.184,-177.854,-0.652,0,-0.759,0,1,0,0.759,0,-0.652,12.11,-25.86,10.457,"S","J"],[107.452,-0.359,-177.786,-0.651,0,-0.759,0,1,0,0.759,0,-0.651,12.115,-27.14,10.451,"S","J"],[107.538,-0.561,-177.711,-0.651,0,-0.759,0,1,0,0.759,0,-0.651,12.141,-28.538,10.422,"S","J"],[107.594,-0.696,-177.664,-0.649,0,-0.761,0,1,0,0.761,0,-0.649,12.148,-29.443,10.414,"S","J"],[107.653,-0.843,-177.613,-0.648,0,-0.761,0,1,0,0.761,0,-0.648,12.149,-30.399,10.412,"S","J"],[107.749,-1.093,-177.531,-0.646,0,-0.764,0,1,0,0.764,0,-0.646,12.177,-31.946,10.379,"S","J"],[107.801,-1.233,-177.487,-0.643,0,-0.766,0,1,0,0.766,0,-0.643,12.182,-32.786,10.374,"S","J"],[107.902,-1.514,-177.402,-0.641,0,-0.768,0,1,0,0.768,0,-0.641,12.211,-34.406,10.339,"S","J"],[107.966,-1.701,-177.347,-0.641,0,-0.768,0,1,0,0.768,0,-0.641,12.24,-35.44,10.304,"S","J"],[108.043,-1.93,-177.282,-0.638,0,-0.77,0,1,0,0.77,0,-0.638,12.271,-36.671,10.268,"S","J"],[108.098,-2.096,-177.237,-0.638,0,-0.77,0,1,0,0.77,0,-0.638,12.281,-37.543,10.255,"S","J"],[108.21,-2.448,-177.144,-0.636,0,-0.772,0,1,0,0.772,0,-0.636,12.312,-39.325,10.218,"S","J"],[108.263,-2.621,-177.1,-0.636,0,-0.772,0,1,0,0.772,0,-0.636,12.316,-40.172,10.214,"S","J"],[108.326,-2.83,-177.048,-0.633,0,-0.774,0,1,0,0.774,0,-0.633,12.339,-41.168,10.186,"S","J"],[108.383,-3.027,-177.001,-0.632,0,-0.775,0,1,0,0.775,0,-0.632,12.345,-42.079,10.178,"S","J"],[108.456,-3.28,-176.941,-0.629,0,-0.778,0,1,0,0.778,0,-0.629,12.365,-43.239,10.154,"S","J"],[108.573,-3.698,-176.846,-0.628,0,-0.778,0,1,0,0.778,0,-0.628,12.41,-45.078,10.099,"S","J"],[108.613,-3.848,-176.813,-0.626,0,-0.779,0,1,0,0.779,0,-0.626,12.429,-45.719,10.075,"S","J"],[108.743,-4.304,-176.708,-0.625,0,-0.78,0,1,0,0.78,0,-0.625,13.024,-40.822,10.45,"S","J"],[108.786,-4.353,-176.675,-0.623,0,-0.782,0,1,0,0.782,0,-0.623,14.732,-20.864,11.629,7,"J"],[108.933,-4.396,-176.561,-0.623,0,-0.782,0,1,0,0.782,0,-0.623,19.595,-3.96,14.987,"S","J"],[109.077,-4.404,-176.452,-0.623,0,-0.782,0,1,0,0.782,0,-0.623,22.415,-0.786,16.858,"S","J"],[109.229,-4.406,-176.34,-0.623,0,-0.782,0,1,0,0.782,0,-0.623,23.64,-0.162,17.716,"S","J"],[109.327,-4.406,-176.265,-0.623,0,-0.782,0,1,0,0.782,0,-0.623,23.516,-0.056,17.597,"S","J"],[109.525,-4.406,-176.118,-0.62,0,-0.784,0,1,0,0.784,0,-0.62,23.88,-0.009,17.878,"S","J"],[109.652,-4.406,-176.022,-0.62,0,-0.785,0,1,0,0.785,0,-0.62,23.94,-0.003,17.919,"S","J"],[109.823,-4.406,-175.895,-0.618,0,-0.786,0,1,0,0.786,0,-0.618,23.981,0,17.904,"S","J"],[109.927,-4.414,-175.817,-0.618,0,-0.786,0,1,0,0.786,0,-0.618,23.988,-1.867,17.901,8,"J"],[110.01,-4.424,-175.755,-0.618,0,-0.786,0,1,0,0.786,0,-0.618,24.004,-2.803,17.881,"S","J"],[110.221,-4.46,-175.598,-0.618,0,-0.786,0,1,0,0.786,0,-0.618,24.019,-4.584,17.864,"S","J"],[110.326,-4.483,-175.52,-0.615,0,-0.788,0,1,0,0.788,0,-0.615,24.021,-5.437,17.861,"S","J"],[110.543,-4.544,-175.36,-0.615,0,-0.788,0,1,0,0.788,0,-0.615,24.024,-7.204,17.859,"S","J"],[110.614,-4.568,-175.306,-0.615,0,-0.788,0,1,0,0.788,0,-0.615,24.037,-7.787,17.841,"S","J"],[110.78,-4.631,-175.183,-0.614,0,-0.79,0,1,0,0.79,0,-0.614,24.048,-9.147,17.826,"S","J"],[110.916,-4.686,-175.083,-0.613,0,-0.79,0,1,0,0.79,0,-0.613,24.052,-10.252,17.821,"S","J"],[111.104,-4.748,-174.944,-0.613,0,-0.79,0,1,0,0.79,0,-0.613,24.075,-5.12,17.791,"S","J"],[111.206,-4.757,-174.868,-0.611,0,-0.792,0,1,0,0.792,0,-0.611,24.081,-0.941,17.784,"S","J"],[111.396,-4.73,-174.728,-0.61,0,-0.792,0,1,0,0.792,0,-0.61,24.084,3.989,17.781,"S","J"],[111.506,-4.705,-174.647,-0.609,0,-0.793,0,1,0,0.793,0,-0.609,24.097,5.695,17.763,"S","J"],[111.614,-4.676,-174.568,-0.608,0,-0.794,0,1,0,0.794,0,-0.608,24.108,6.592,17.748,"S","J"],[111.798,-4.621,-174.432,-0.606,0,-0.796,0,1,0,0.796,0,-0.606,24.134,7.334,17.715,"S","J"],[111.906,-4.587,-174.353,-0.605,0,-0.796,0,1,0,0.796,0,-0.605,24.142,7.609,17.704,"S","J"],[112.15,-4.508,-174.174,-0.602,0,-0.798,0,1,0,0.798,0,-0.602,24.171,7.855,17.666,"S","J"],[112.207,-4.49,-174.133,-0.602,0,-0.798,0,1,0,0.798,0,-0.602,24.173,7.892,17.664,"S","J"],[112.398,-4.427,-173.994,-0.6,0,-0.8,0,1,0,0.8,0,-0.6,24.196,7.943,17.634,"S","J"],[112.519,-4.386,-173.905,-0.6,0,-0.8,0,1,0,0.8,0,-0.6,24.204,7.974,17.623,"S","J"],[112.688,-4.331,-173.783,-0.598,0,-0.802,0,1,0,0.802,0,-0.598,24.224,7.982,17.596,"S","J"],[112.824,-4.286,-173.684,-0.597,0,-0.802,0,1,0,0.802,0,-0.597,24.234,7.999,17.583,"S","J"],[112.921,-4.254,-173.613,-0.597,0,-0.802,0,1,0,0.802,0,-0.597,24.249,8.012,17.562,"S","J"],[113.076,-4.203,-173.501,-0.597,0,-0.802,0,1,0,0.802,0,-0.597,24.261,8.004,17.546,"S","J"],[113.259,-4.142,-173.369,-0.597,0,-0.802,0,1,0,0.802,0,-0.597,24.266,7.996,17.54,"S","J"],[113.396,-4.098,-173.27,-0.597,0,-0.802,0,1,0,0.802,0,-0.597,24.3,7.933,17.564,"S","J"],[113.498,-4.065,-173.196,-0.597,0,-0.802,0,1,0,0.802,0,-0.597,24.387,7.782,17.629,"S","J"],[113.683,-4.01,-173.063,-0.597,0,-0.802,0,1,0,0.802,0,-0.597,24.521,7.345,17.728,"S","J"],[113.908,-3.951,-172.901,-0.597,0,-0.802,0,1,0,0.802,0,-0.597,24.644,5.952,17.82,"S","J"],[114.004,-3.932,-172.831,-0.597,0,-0.802,0,1,0,0.802,0,-0.597,23.774,4.681,17.212,"S","J"],[114.137,-3.915,-172.74,-0.734,0,-0.679,0,1,0,0.679,0,-0.734,21.649,2.397,14.31,"S","J"],[114.206,-3.77,-172.695,-0.774,0,-0.633,0,1,0,0.633,0,-0.774,21.517,35.271,14.012,"S","J"],[114.356,-3.404,-172.597,-0.825,0,-0.565,0,1,0,0.565,0,-0.825,21.517,52.46,14.012,3,"J"],[114.475,-3.114,-172.52,-0.853,0,-0.522,0,1,0,0.522,0,-0.853,21.38,51.643,13.644,"S","J"],[114.631,-2.74,-172.425,-0.888,0,-0.461,0,1,0,0.461,0,-0.888,21.023,50.189,12.646,5,"J"],[114.797,-2.349,-172.332,-0.917,0,-0.399,0,1,0,0.399,0,-0.917,20.645,48.622,11.568,"S","J"],[114.901,-2.106,-172.275,-0.937,0,-0.348,0,1,0,0.348,0,-0.937,20.408,47.624,10.881,"S","J"],[115.032,-1.803,-172.21,-0.958,0,-0.286,0,1,0,0.286,0,-0.958,20.114,46.344,9.996,"S","J"],[115.15,-1.532,-172.154,-0.974,0,-0.226,0,1,0,0.226,0,-0.974,19.848,45.18,9.19,"S","J"],[115.277,-1.248,-172.099,-0.986,0,-0.17,0,1,0,0.17,0,-0.986,19.559,43.909,8.31,"S","J"],[115.383,-1.012,-172.057,-0.992,0,-0.126,0,1,0,0.126,0,-0.992,19.312,42.838,7.569,"S","J"],[115.485,-0.788,-172.02,-0.998,0,-0.06,0,1,0,0.06,0,-0.998,19.063,41.79,6.847,"S","J"],[115.609,-0.52,-171.98,-1,0,-0.001,0,1,0,0.001,0,-1,18.737,40.493,5.96,"S","J"],[115.709,-0.306,-171.951,-0.997,0,0.072,0,1,0,-0.072,0,-0.997,18.456,39.439,5.245,"S","J"],[115.853,-0.002,-171.916,-0.988,0,0.154,0,1,0,-0.154,0,-0.988,17.956,37.873,4.22,"S","J"],[115.933,0.166,-171.898,-0.978,0,0.206,0,1,0,-0.206,0,-0.978,17.597,36.991,3.692,"S","J"],[115.998,0.303,-171.886,-0.967,0,0.253,0,1,0,-0.253,0,-0.967,17.169,36.244,3.374,"S","J"],[116.105,0.533,-171.863,-0.961,0,0.276,0,1,0,-0.276,0,-0.961,16.402,34.969,3.628,"S","J"],[116.155,0.639,-171.85,-0.961,0,0.276,0,1,0,-0.276,0,-0.961,16.051,34.361,3.899,"S","J"],[116.248,0.838,-171.825,-0.961,0,0.276,0,1,0,-0.276,0,-0.961,15.647,33.18,4.211,"S","J"],[116.34,1.029,-171.799,-0.961,0,0.276,0,1,0,-0.276,0,-0.961,15.425,32.021,4.383,"S","J"],[116.474,1.297,-171.761,-0.961,0,0.276,0,1,0,-0.276,0,-0.961,15.385,30.312,4.414,"S","J"],[116.543,1.429,-171.741,-0.961,0,0.276,0,1,0,-0.276,0,-0.961,15.38,29.437,4.419,"S","J"],[116.636,1.602,-171.714,-0.961,0,0.276,0,1,0,-0.276,0,-0.961,15.378,28.239,4.42,"S","J"],[116.731,1.771,-171.687,-0.961,0,0.276,0,1,0,-0.276,0,-0.961,15.377,27.027,4.42,"S","J"],[116.808,1.902,-171.664,-0.961,0,0.276,0,1,0,-0.276,0,-0.961,15.377,26.043,4.42,"S","J"],[116.899,2.048,-171.639,-0.961,0,0.276,0,1,0,-0.276,0,-0.961,15.377,24.891,4.42,"S","J"],[116.992,2.194,-171.612,-0.961,0,0.276,0,1,0,-0.276,0,-0.961,15.377,23.7,4.42,"S","J"],[117.113,2.372,-171.577,-0.961,0,0.276,0,1,0,-0.276,0,-0.961,15.377,22.147,4.42,"S","J"],[117.187,2.473,-171.556,-0.961,0,0.276,0,1,0,-0.276,0,-0.961,15.377,21.221,4.42,"S","J"],[117.326,2.653,-171.516,-0.961,0,0.276,0,1,0,-0.276,0,-0.961,15.377,19.447,4.42,"S","J"],[117.379,2.718,-171.501,-0.961,0,0.276,0,1,0,-0.276,0,-0.961,15.377,18.765,4.42,"S","J"],[117.5,2.856,-171.466,-0.961,0,0.276,0,1,0,-0.276,0,-0.961,15.377,17.225,4.42,"S","J"],[117.585,2.946,-171.441,-0.961,0,0.276,0,1,0,-0.276,0,-0.961,15.377,16.13,4.42,"S","J"],[117.692,3.051,-171.411,-0.961,0,0.276,0,1,0,-0.276,0,-0.961,15.377,14.764,4.42,"S","J"],[117.756,3.109,-171.393,-0.961,0,0.276,0,1,0,-0.276,0,-0.961,15.377,13.955,4.42,"S","J"],[117.864,3.198,-171.361,-0.961,0,0.276,0,1,0,-0.276,0,-0.961,15.377,12.577,4.42,"S","J"],[117.945,3.261,-171.338,-0.961,0,0.276,0,1,0,-0.276,0,-0.961,15.377,11.531,4.42,"S","J"],[118.053,3.333,-171.307,-0.961,0,0.276,0,1,0,-0.276,0,-0.961,15.377,10.162,4.42,"S","J"],[118.159,3.396,-171.277,-0.961,0,0.276,0,1,0,-0.276,0,-0.961,15.377,8.82,4.42,"S","J"],[118.234,3.435,-171.255,-0.961,0,0.276,0,1,0,-0.276,0,-0.961,15.377,7.856,4.42,"S","J"],[118.314,3.472,-171.232,-0.961,0,0.275,0,1,0,-0.275,0,-0.961,15.379,6.831,4.413,"S","J"],[118.379,3.497,-171.214,-0.961,0,0.275,0,1,0,-0.275,0,-0.961,15.382,6.007,4.402,"S","J"],[118.436,3.516,-171.197,-0.961,0,0.275,0,1,0,-0.275,0,-0.961,15.383,5.284,4.398,"S","J"],[118.564,3.55,-171.161,-0.961,0,0.275,0,1,0,-0.275,0,-0.961,15.384,3.644,4.396,"S","J"],[118.607,3.558,-171.148,-0.961,0,0.275,0,1,0,-0.275,0,-0.961,15.384,3.097,4.396,"S","J"],[118.713,3.572,-171.119,-0.961,0,0.275,0,1,0,-0.275,0,-0.961,15.384,1.749,4.396,"S","J"],[118.786,3.577,-171.097,-0.961,0,0.275,0,1,0,-0.275,0,-0.961,15.384,0.815,4.396,"S","J"],[118.935,3.571,-171.055,-0.961,0,0.275,0,1,0,-0.275,0,-0.961,15.384,-1.082,4.396,"S","J"],[118.998,3.563,-171.037,-0.961,0,0.275,0,1,0,-0.275,0,-0.961,15.384,-1.891,4.396,"S","J"],[119.07,3.55,-171.016,-0.961,0,0.275,0,1,0,-0.275,0,-0.961,15.384,-2.809,4.396,"S","J"],[119.195,3.518,-170.981,-0.961,0,0.275,0,1,0,-0.275,0,-0.961,15.384,-4.398,4.396,"S","J"],[119.319,3.473,-170.946,-0.961,0,0.275,0,1,0,-0.275,0,-0.961,15.384,-5.969,4.396,"S","J"],[119.385,3.443,-170.927,-0.961,0,0.275,0,1,0,-0.275,0,-0.961,15.384,-6.821,4.396,"S","J"],[119.494,3.387,-170.895,-0.961,0,0.275,0,1,0,-0.275,0,-0.961,15.384,-8.207,4.396,"S","J"],[119.579,3.336,-170.871,-0.961,0,0.275,0,1,0,-0.275,0,-0.961,15.384,-9.302,4.396,"S","J"],[119.64,3.296,-170.853,-0.961,0,0.275,0,1,0,-0.275,0,-0.961,15.384,-10.081,4.396,"S","J"],[119.783,3.191,-170.813,-0.961,0,0.275,0,1,0,-0.275,0,-0.961,15.384,-11.9,4.396,"S","J"],[119.849,3.135,-170.793,-0.961,0,0.275,0,1,0,-0.275,0,-0.961,15.384,-12.748,4.396,"S","J"],[119.953,3.044,-170.764,-0.961,0,0.275,0,1,0,-0.275,0,-0.961,15.384,-14.058,4.396,"S","J"],[120.013,2.986,-170.747,-0.961,0,0.275,0,1,0,-0.275,0,-0.961,15.384,-14.831,4.396,"S","J"],[120.153,2.837,-170.707,-0.961,0,0.275,0,1,0,-0.275,0,-0.961,15.384,-16.611,4.396,"S","J"],[120.245,2.733,-170.681,-0.961,0,0.275,0,1,0,-0.275,0,-0.961,15.384,-17.785,4.396,"S","J"],[120.348,2.606,-170.651,-0.961,0,0.275,0,1,0,-0.275,0,-0.961,15.384,-19.101,4.396,"S","J"],[120.438,2.488,-170.625,-0.961,0,0.275,0,1,0,-0.275,0,-0.961,15.384,-20.257,4.396,"S","J"],[120.495,2.41,-170.609,-0.961,0,0.275,0,1,0,-0.275,0,-0.961,15.384,-20.975,4.396,"S","J"],[120.611,2.244,-170.576,-0.961,0,0.275,0,1,0,-0.275,0,-0.961,15.384,-22.454,4.396,"S","J"],[120.68,2.14,-170.556,-0.961,0,0.275,0,1,0,-0.275,0,-0.961,15.384,-23.332,4.396,"S","J"],[120.783,1.976,-170.527,-0.961,0,0.275,0,1,0,-0.275,0,-0.961,15.384,-24.645,4.396,"S","J"],[120.875,1.822,-170.5,-0.961,0,0.275,0,1,0,-0.275,0,-0.961,15.384,-25.831,4.396,"S","J"],[120.965,1.664,-170.475,-0.961,0,0.275,0,1,0,-0.275,0,-0.961,15.384,-26.976,4.396,"S","J"],[121.074,1.467,-170.444,-0.961,0,0.275,0,1,0,-0.275,0,-0.961,15.384,-28.361,4.396,"S","J"],[121.182,1.259,-170.413,-0.961,0,0.275,0,1,0,-0.275,0,-0.961,15.384,-29.738,4.396,"S","J"],[121.279,1.068,-170.385,-0.961,0,0.275,0,1,0,-0.275,0,-0.961,15.384,-30.972,4.396,"S","J"],[121.347,0.924,-170.366,-0.961,0,0.275,0,1,0,-0.275,0,-0.961,15.384,-31.845,4.396,"S","J"],[121.473,0.656,-170.33,-0.961,0,0.275,0,1,0,-0.275,0,-0.961,15.384,-33.444,4.396,"S","J"],[121.508,0.579,-170.32,-0.961,0,0.275,0,1,0,-0.275,0,-0.961,15.384,-33.892,4.396,"S","J"],[121.607,0.351,-170.291,-0.961,0,0.275,0,1,0,-0.275,0,-0.961,15.384,-35.162,4.396,"S","J"],[121.708,0.114,-170.262,-0.961,0,0.275,0,1,0,-0.275,0,-0.961,15.384,-36.448,4.396,"S","J"],[121.823,-0.164,-170.23,-0.961,0,0.275,0,1,0,-0.275,0,-0.961,15.384,-37.904,4.396,"S","J"],[121.886,-0.324,-170.212,-0.961,0,0.275,0,1,0,-0.275,0,-0.961,15.384,-38.714,4.396,"S","J"],[121.982,-0.573,-170.185,-0.961,0,0.275,0,1,0,-0.275,0,-0.961,15.384,-39.938,4.396,"S","J"],[122.087,-0.853,-170.155,-0.961,0,0.275,0,1,0,-0.275,0,-0.961,15.384,-41.284,4.396,"S","J"],[122.13,-0.968,-170.142,-0.961,0,0.275,0,1,0,-0.275,0,-0.961,15.384,-41.824,4.396,"S","J"],[122.274,-1.375,-170.101,-0.961,0,0.275,0,1,0,-0.275,0,-0.961,15.384,-43.672,4.396,7,"J"],[122.41,-1.77,-170.062,-0.961,0,0.275,0,1,0,-0.275,0,-0.961,15.384,-45.396,4.396,"S","J"],[122.457,-1.911,-170.049,-0.961,0,0.275,0,1,0,-0.275,0,-0.961,15.384,-45.996,4.396,"S","J"],[122.505,-2.055,-170.035,-0.961,0,0.275,0,1,0,-0.275,0,-0.961,15.384,-46.603,4.396,"S","J"],[122.669,-2.242,-169.989,-0.962,0,0.274,0,1,0,-0.274,0,-0.962,15.385,-9.161,4.392,"S","J"],[122.749,-2.251,-169.966,-0.962,0,0.273,0,1,0,-0.273,0,-0.962,15.389,-1.576,4.379,"S","J"],[122.871,-2.232,-169.931,-0.962,0,0.273,0,1,0,-0.273,0,-0.962,15.391,3.248,4.373,"S","J"],[122.978,-2.203,-169.901,-0.962,0,0.273,0,1,0,-0.273,0,-0.962,15.391,4.359,4.372,"S","J"],[123.029,-2.189,-169.887,-0.962,0,0.273,0,1,0,-0.273,0,-0.962,15.391,4.352,4.372,8,"J"],[123.145,-2.159,-169.853,-0.962,0,0.273,0,1,0,-0.273,0,-0.962,15.391,3.832,4.371,7,"J"],[123.214,-2.143,-169.834,-0.962,0,0.273,0,1,0,-0.273,0,-0.962,15.391,3.439,4.371,"S","J"],[123.363,-2.116,-169.792,-0.962,0,0.273,0,1,0,-0.273,0,-0.962,15.391,2.579,4.371,"S","J"],[123.405,-2.109,-169.779,-0.962,0,0.273,0,1,0,-0.273,0,-0.962,15.391,2.357,4.371,"S","J"],[123.543,-2.093,-169.74,-0.962,0,0.273,0,1,0,-0.273,0,-0.962,15.391,1.737,4.371,"S","J"],[123.596,-2.087,-169.725,-0.962,0,0.273,0,1,0,-0.273,0,-0.962,15.391,1.542,4.371,8,"J"],[123.755,-2.075,-169.68,-0.962,0,0.273,0,1,0,-0.273,0,-0.962,15.391,1.069,4.371,"S","J"],[123.798,-2.072,-169.668,-0.962,0,0.273,0,1,0,-0.273,0,-0.962,15.391,0.965,4.371,"S","J"],[123.907,-2.067,-169.637,-0.962,0,0.273,0,1,0,-0.273,0,-0.962,15.391,0.752,4.371,"S","J"],[124.007,-2.062,-169.608,-0.962,0,0.273,0,1,0,-0.273,0,-0.962,15.391,0.595,4.371,"S","J"],[124.097,-2.06,-169.583,-0.962,0,0.273,0,1,0,-0.273,0,-0.962,15.391,0.481,4.371,"S","J"],[124.169,-2.058,-169.563,-0.962,0,0.273,0,1,0,-0.273,0,-0.962,15.391,0.404,4.371,"S","J"],[124.304,-2.055,-169.524,-0.962,0,0.273,0,1,0,-0.273,0,-0.962,15.391,0.294,4.371,"S","J"],[124.353,-2.054,-169.51,-0.962,0,0.273,0,1,0,-0.273,0,-0.962,15.391,0.262,4.371,"S","J"],[124.468,-2.053,-169.478,-0.962,0,0.273,0,1,0,-0.273,0,-0.962,15.391,0.201,4.371,"S","J"],[124.578,-2.052,-169.446,-0.962,0,0.273,0,1,0,-0.273,0,-0.962,15.391,0.153,4.371,"S","J"],[124.663,-2.051,-169.422,-0.962,0,0.273,0,1,0,-0.273,0,-0.962,15.391,0.126,4.371,"S","J"],[124.772,-2.05,-169.391,-0.962,0,0.273,0,1,0,-0.273,0,-0.962,15.391,0.097,4.371,"S","J"],[124.853,-2.05,-169.368,-0.962,0,0.273,0,1,0,-0.273,0,-0.962,15.391,0.081,4.371,"S","J"],[124.964,-2.049,-169.337,-0.962,0,0.273,0,1,0,-0.273,0,-0.962,15.391,0.061,4.371,"S","J"],[125.037,-2.049,-169.316,-0.962,0,0.273,0,1,0,-0.273,0,-0.962,15.391,0.052,4.371,"S","J"],[125.145,-2.049,-169.285,-0.962,0,0.273,0,1,0,-0.273,0,-0.962,15.391,0.04,4.371,"S","J"],[125.22,-2.049,-169.264,-0.962,0,0.