[[160.772,-16.556,-239.752,-0.448,0,0.894,0,1,0,-0.894,0,-0.448,-13.281,0,8.923,8,0],[160.571,-16.556,-239.617,-0.461,0,0.887,0,1,0,-0.887,0,-0.461,"v","S","J"],[160.385,-16.556,-239.492,-0.472,0,0.881,0,1,0,-0.881,0,-0.472,"v","S","J"],[160.164,-16.556,-239.343,-0.484,0,0.875,0,1,0,-0.875,0,-0.484,"v","S","J"],[159.91,-16.556,-239.173,-0.495,0,0.869,0,1,0,-0.869,0,-0.495,"v","S","J"],[159.694,-16.556,-239.028,-0.503,0,0.864,0,1,0,-0.864,0,-0.503,"v","S","J"],[159.5,-16.556,-238.897,-0.51,0,0.86,0,1,0,-0.86,0,-0.51,"v","S","J"],[159.278,-16.556,-238.749,-0.516,0,0.857,0,1,0,-0.857,0,-0.516,"v","S","J"],[159,-16.556,-238.562,-0.523,0,0.852,0,1,0,-0.852,0,-0.523,"v","S","J"],[158.768,-16.556,-238.406,-0.527,0,0.85,0,1,0,-0.85,0,-0.527,-13.308,0,8.883,"S","J"],[158.546,-16.556,-238.259,-0.531,0,0.848,0,1,0,-0.848,0,-0.531,-13.336,0,8.839,"S","J"],[158.36,-16.556,-238.136,-0.533,0,0.846,0,1,0,-0.846,0,-0.533,-13.338,0,8.837,"S","J"],[158.165,-16.556,-238.007,-0.535,0,0.845,0,1,0,-0.845,0,-0.535,-13.339,0,8.836,"S","J"],[157.843,-16.556,-237.793,-0.539,0,0.843,0,1,0,-0.843,0,-0.539,"v","S","J"],[157.653,-16.556,-237.667,-0.54,0,0.842,0,1,0,-0.842,0,-0.54,"v","S","J"],[157.5,-16.556,-237.566,-0.541,0,0.841,0,1,0,-0.841,0,-0.541,"v","S","J"],[157.214,-16.556,-237.376,-0.543,0,0.84,0,1,0,-0.84,0,-0.543,"v","S","J"],[157.012,-16.556,-237.243,-0.544,0,0.839,0,1,0,-0.839,0,-0.544,"v","S","J"],[156.829,-16.556,-237.121,-0.545,0,0.838,0,1,0,-0.838,0,-0.545,"v","S","J"],[156.612,-16.556,-236.978,-0.546,0,0.838,0,1,0,-0.838,0,-0.546,"v","S","J"],[156.314,-16.556,-236.78,-0.547,0,0.837,0,1,0,-0.837,0,-0.547,"v","S","J"],[156.1,-16.556,-236.639,-0.547,0,0.837,0,1,0,-0.837,0,-0.547,"v","S","J"],[155.915,-16.556,-236.516,-0.548,0,0.836,0,1,0,-0.836,0,-0.548,"v","S","J"],[155.723,-16.556,-236.389,-0.549,0,0.836,0,1,0,-0.836,0,-0.549,"v","S","J"],[155.414,-16.61,-236.184,-0.549,0,0.836,0,1,0,-0.836,0,-0.549,-13.339,-2.311,8.836,"S","J"],[155.218,-16.649,-236.055,-0.55,0,0.835,0,1,0,-0.835,0,-0.55,-13.339,-2.269,8.836,"S","J"],[155.024,-16.658,-235.926,-0.55,0,0.835,0,1,0,-0.835,0,-0.55,-13.339,-0.596,8.836,"S","J"],[154.809,-16.681,-235.784,-0.55,0,0.835,0,1,0,-0.835,0,-0.55,-13.334,-1.136,8.833,"S","J"],[154.511,-16.679,-235.586,-0.551,0,0.835,0,1,0,-0.835,0,-0.551,-13.314,0.207,8.821,"S","J"],[154.319,-16.674,-235.459,-0.551,0,0.835,0,1,0,-0.835,0,-0.551,-13.245,0.215,8.774,"S","J"],[154.14,-16.672,-235.34,-0.551,0,0.835,0,1,0,-0.835,0,-0.551,-13.211,0.288,8.752,"S","J"],[153.937,-16.66,-235.206,-0.551,0,0.834,0,1,0,-0.834,0,-0.551,-13.118,0.624,8.69,"S","J"],[153.734,-16.642,-235.071,-0.551,0,0.834,0,1,0,-0.834,0,-0.551,-12.965,1.412,8.589,"S","J"],[153.49,-16.598,-234.91,-0.551,0,0.834,0,1,0,-0.834,0,-0.551,-12.89,2.592,8.54,"S","J"],[153.302,-16.551,-234.786,-0.552,0,0.834,0,1,0,-0.834,0,-0.552,-12.72,3.42,8.427,"S","J"],[153.094,-16.487,-234.647,-0.552,0,0.834,0,1,0,-0.834,0,-0.552,-12.716,4.043,8.424,"S","J"],[152.824,-16.394,-234.469,-0.552,0,0.834,0,1,0,-0.834,0,-0.552,-12.716,4.466,8.424,"S","J"],[152.615,-16.318,-234.33,-0.552,0,0.834,0,1,0,-0.834,0,-0.552,-12.716,4.634,8.424,"S","J"],[152.466,-16.263,-234.231,-0.552,0,0.834,0,1,0,-0.834,0,-0.552,-12.716,4.705,8.424,"S","J"],[152.246,-16.181,-234.086,-0.552,0,0.834,0,1,0,-0.834,0,-0.552,-12.716,4.765,8.424,"S","J"],[151.952,-16.07,-233.891,-0.552,0,0.834,0,1,0,-0.834,0,-0.552,-12.716,4.803,8.424,"S","J"],[151.784,-16.007,-233.78,-0.552,0,0.834,0,1,0,-0.834,0,-0.552,-12.716,4.814,8.424,"S","J"],[151.596,-15.936,-233.655,-0.552,0,0.834,0,1,0,-0.834,0,-0.552,-12.716,4.821,8.424,"S","J"],[151.398,-15.86,-233.524,-0.552,0,0.834,0,1,0,-0.834,0,-0.552,-12.716,4.826,8.424,"S","J"],[151.086,-15.742,-233.317,-0.552,0,0.834,0,1,0,-0.834,0,-0.552,-12.716,4.829,8.424,"S","J"],[150.884,-15.665,-233.183,-0.552,0,0.834,0,1,0,-0.834,0,-0.552,-12.716,4.83,8.424,"S","J"],[150.712,-15.6,-233.07,-0.552,0,0.834,0,1,0,-0.834,0,-0.552,-12.716,4.83,8.424,"S","J"],[150.541,-15.534,-232.955,-0.552,0,0.834,0,1,0,-0.834,0,-0.552,-12.716,4.831,8.424,"S","J"],[150.237,-15.419,-232.755,-0.552,0,0.834,0,1,0,-0.834,0,-0.552,"v","S","J"],[150.036,-14.627,-232.621,-0.552,0,0.834,0,1,0,-0.834,0,-0.552,-13.161,50.823,8.718,"S","J"],[149.825,-13.854,-232.482,-0.552,0,0.834,0,1,0,-0.834,0,-0.552,-13.335,47.724,8.834,5,"J"],[149.634,-13.197,-232.355,-0.552,0,0.834,0,1,0,-0.834,0,-0.552,-13.338,44.915,8.836,"S","J"],[149.39,-12.418,-232.194,-0.552,0,0.834,0,1,0,-0.834,0,-0.552,-13.339,41.332,8.836,"S","J"],[149.17,-11.765,-232.048,-0.552,0,0.834,0,1,0,-0.834,0,-0.552,-13.339,38.08,8.836,"S","J"],[148.959,-11.194,-231.907,-0.552,0,0.834,0,1,0,-0.834,0,-0.552,-13.34,34.98,8.835,"S","J"],[148.763,-10.707,-231.778,-0.552,0,0.834,0,1,0,-0.834,0,-0.552,-13.367,32.095,8.794,"S","J"],[148.502,-10.127,-231.607,-0.552,0,0.834,0,1,0,-0.834,0,-0.552,-13.393,28.269,8.754,"S","J"],[148.281,-9.696,-231.464,-0.551,0,0.835,0,1,0,-0.835,0,-0.551,-13.423,25.048,8.708,"S","J"],[148.067,-9.327,-231.325,-0.55,0,0.835,0,1,0,-0.835,0,-0.55,-13.424,21.915,8.705,"S","J"],[147.823,-8.971,-231.167,-0.549,0,0.836,0,1,0,-0.836,0,-0.549,-13.425,18.355,8.705,"S","J"],[147.619,-8.72,-231.034,-0.549,0,0.836,0,1,0,-0.836,0,-0.549,-13.447,15.359,8.671,"S","J"],[147.386,-8.489,-230.885,-0.547,0,0.837,0,1,0,-0.837,0,-0.547,-13.483,11.972,8.615,"S","J"],[147.169,-8.329,-230.748,-0.546,0,0.838,0,1,0,-0.838,0,-0.546,-13.509,8.823,8.573,"S","J"],[146.944,-8.217,-230.606,-0.544,0,0.839,0,1,0,-0.839,0,-0.544,-13.578,5.57,8.464,"S","J"],[146.726,-8.159,-230.471,-0.542,0,0.84,0,1,0,-0.84,0,-0.542,-13.615,2.415,8.404,"S","J"],[146.472,-8.157,-230.315,-0.54,0,0.842,0,1,0,-0.842,0,-0.54,-13.62,-1.239,8.396,"S","J"],[146.235,-8.214,-230.169,-0.537,0,0.843,0,1,0,-0.843,0,-0.537,-13.647,-4.639,8.353,"S","J"],[146.018,-8.319,-230.036,-0.535,0,0.845,0,1,0,-0.845,0,-0.535,-13.653,-7.769,8.343,"S","J"],[145.798,-8.476,-229.903,-0.533,0,0.846,0,1,0,-0.846,0,-0.533,-13.702,-10.921,8.261,"S","J"],[145.59,-8.671,-229.779,-0.531,0,0.848,0,1,0,-0.848,0,-0.531,-13.737,-13.886,8.203,"S","J"],[145.332,-8.973,-229.626,-0.528,0,0.849,0,1,0,-0.849,0,-0.528,-13.761,-17.575,8.163,"S","J"],[145.098,-9.306,-229.487,-0.525,0,0.851,0,1,0,-0.851,0,-0.525,-13.782,-20.903,8.128,"S","J"],[144.889,-9.651,-229.365,-0.523,0,0.852,0,1,0,-0.852,0,-0.523,-13.799,-23.874,8.099,"S","J"],[144.638,-10.126,-229.218,-0.521,0,0.854,0,1,0,-0.854,0,-0.521,-13.815,-27.444,8.071,"S","J"],[144.421,-10.568,-229.092,-0.518,0,0.855,0,1,0,-0.855,0,-0.518,-13.86,-26.44,7.994,"S","J"],[144.199,-10.388,-228.965,-0.516,0,0.857,0,1,0,-0.857,0,-0.516,-13.911,20.041,7.905,7,"J"],[143.91,-10.013,-228.803,-0.512,0,0.859,0,1,0,-0.859,0,-0.512,-13.963,14.956,7.813,"S","J"],[143.706,-9.849,-228.69,-0.509,0,0.861,0,1,0,-0.861,0,-0.509,-13.996,9.382,7.753,8,"J"],[143.485,-9.744,-228.568,-0.506,0,0.863,0,1,0,-0.863,0,-0.506,-14.031,5.441,7.689,"S","J"],[143.154,-9.664,-228.388,-0.5,0,0.866,0,1,0,-0.866,0,-0.5,-14.065,2.539,7.628,"S","J"],[142.978,-9.643,-228.293,-0.498,0,0.867,0,1,0,-0.867,0,-0.498,-14.088,1.625,7.585,"S","J"],[142.722,-9.624,-228.157,-0.494,0,0.87,0,1,0,-0.87,0,-0.494,-14.136,0.83,7.495,"S","J"],[142.517,-9.617,-228.05,-0.49,0,0.872,0,1,0,-0.872,0,-0.49,-14.191,0.483,7.39,"S","J"],[142.323,-9.612,-227.95,-0.487,0,0.873,0,1,0,-0.873,0,-0.487,-14.232,0.288,7.311,"S","J"],[142.085,-9.609,-227.83,-0.482,0,0.876,0,1,0,-0.876,0,-0.482,-14.302,0.154,7.172,"S","J"],[141.756,-9.607,-227.669,-0.475,0,0.88,0,1,0,-0.88,0,-0.475,-14.389,0.066,6.996,"S","J"],[141.56,-9.607,-227.574,-0.471,0,0.882,0,1,0,-0.882,0,-0.471,-14.419,0.039,6.934,"S","J"],[141.309,-9.606,-227.454,-0.466,0,0.885,0,1,0,-0.885,0,-0.466,-14.422,0.021,6.929,"S","J"],[141.006,-9.606,-227.308,-0.46,0,0.888,0,1,0,-0.888,0,-0.46,-14.422,0.009,6.929,"S","J"],[140.806,-9.606,-227.212,-0.457,0,0.889,0,1,0,-0.889,0,-0.457,-14.434,0.006,6.902,"S","J"],[140.605,-9.606,-227.117,-0.454,0,0.891,0,1,0,-0.891,0,-0.454,-14.476,0.004,6.814,"S","J"],[140.385,-9.606,-227.016,-0.45,0,0.893,0,1,0,-0.893,0,-0.45,-14.532,0.002,6.695,"S","J"],[140.159,-9.606,-226.913,-0.446,0,0.895,0,1,0,-0.895,0,-0.446,-14.573,0.001,6.605,"S","J"],[139.85,-9.606,-226.773,-0.44,0,0.898,0,1,0,-0.898,0,-0.44,-14.577,0,6.597,"S","J"],[139.631,-9.606,-226.674,-0.437,0,0.899,0,1,0,-0.899,0,-0.437,-14.577,0,6.597,"S","J"],[139.43,-9.606,-226.583,-0.434,0,0.901,0,1,0,-0.901,0,-0.434,"v","S","J"],[139.092,-9.606,-226.43,-0.43,0,0.903,0,1,0,-0.903,0,-0.43,"v","S","J"],[138.87,-9.606,-226.33,-0.428,0,0.904,0,1,0,-0.904,0,-0.428,"v","S","J"],[138.648,-9.606,-226.229,-0.427,0,0.904,0,1,0,-0.904,0,-0.427,"v","S","J"],[138.458,-9.606,-226.143,-0.425,0,0.905,0,1,0,-0.905,0,-0.425,"v","S","J"],[138.149,-9.606,-226.003,-0.423,0,0.906,0,1,0,-0.906,0,-0.423,"v","S","J"],[137.946,-9.606,-225.911,-0.422,0,0.907,0,1,0,-0.907,0,-0.422,"v","S","J"],[137.714,-9.606,-225.806,-0.421,0,0.907,0,1,0,-0.907,0,-0.421,"v","S","J"],[137.486,-9.606,-225.703,-0.42,0,0.908,0,1,0,-0.908,0,-0.42,"v","S","J"],[137.194,-9.606,-225.571,-0.419,0,0.908,0,1,0,-0.908,0,-0.419,"v","S","J"],[136.929,-9.606,-225.451,-0.417,0,0.909,0,1,0,-0.909,0,-0.417,"v","S","J"],[136.746,-9.606,-225.368,-0.417,0,0.909,0,1,0,-0.909,0,-0.417,"v","S","J"],[136.464,-9.606,-225.24,-0.416,0,0.909,0,1,0,-0.909,0,-0.416,-14.568,0.005,6.617,"S","J"],[136.148,-9.606,-225.097,-0.416,0,0.909,0,1,0,-0.909,0,-0.416,-14.56,0.009,6.635,"S","J"],[135.953,-9.606,-225.007,-0.416,0,0.909,0,1,0,-0.909,0,-0.416,-14.56,0.006,6.635,"S","J"],[135.725,-9.606,-224.904,-0.416,0,0.909,0,1,0,-0.909,0,-0.416,-14.56,0.004,6.635,"S","J"],[135.366,-9.606,-224.74,-0.415,0,0.91,0,1,0,-0.91,0,-0.415,-14.56,0.001,6.635,"S","J"],[135.157,-9.606,-224.644,-0.415,0,0.91,0,1,0,-0.91,0,-0.415,-14.56,0.001,6.635,"S","J"],[134.919,-9.606,-224.536,-0.415,0,0.91,0,1,0,-0.91,0,-0.415,-14.56,0,6.635,"S","J"],[134.617,-9.606,-224.398,-0.415,0,0.91,0,1,0,-0.91,0,-0.415,-14.56,0,6.635,"S","J"],[134.39,-9.606,-224.296,-0.415,0,0.91,0,1,0,-0.91,0,-0.415,"v","S","J"],[134.19,-9.606,-224.204,-0.415,0,0.91,0,1,0,-0.91,0,-0.415,"v","S","J"],[133.906,-9.606,-224.074,-0.415,0,0.91,0,1,0,-0.91,0,-0.415,"v","S","J"],[133.663,-9.606,-223.964,-0.415,0,0.91,0,1,0,-0.91,0,-0.415,"v","S","J"],[133.433,-9.606,-223.859,-0.415,0,0.91,0,1,0,-0.91,0,-0.415,"v","S","J"],[133.231,-9.606,-223.767,-0.415,0,0.91,0,1,0,-0.91,0,-0.415,"v","S","J"],[132.935,-9.606,-223.632,-0.415,0,0.91,0,1,0,-0.91,0,-0.415,"v","S","J"],[132.673,-9.606,-223.513,-0.415,0,0.91,0,1,0,-0.91,0,-0.415,"v","S","J"],[132.481,-9.606,-223.425,-0.415,0,0.91,0,1,0,-0.91,0,-0.415,"v","S","J"],[132.207,-9.606,-223.301,-0.415,0,0.91,0,1,0,-0.91,0,-0.415,"v","S","J"],[131.943,-9.606,-223.18,-0.415,0,0.91,0,1,0,-0.91,0,-0.415,"v","S","J"],[131.689,-9.021,-223.04,-0.57,0,0.822,0,1,0,-0.822,0,-0.57,-12.149,68.87,7.54,"S","J"],[131.63,-8.106,-223.009,-0.64,-0.001,0.768,-0.002,1,0,-0.768,-0.002,-0.64,0.614,62.394,-0.91,3,"J"],[131.72,-7.21,-223.061,-0.646,-0.002,0.763,-0.003,1,0,-0.763,-0.003,-0.646,6.031,57.949,-2.503,5,"J"],[131.819,-6.34,-223.08,-0.583,0,0.812,-0.001,1,-0.001,-0.812,-0.001,-0.583,6.658,54.899,-0.365,"S","J"],[131.948,-5.379,-223.057,-0.333,0,0.943,0,1,0,-0.943,0,-0.333,7.133,51.313,2.178,"S","J"],[132.063,-4.569,-222.999,0.007,0,1,0,1,0,-1,0,0.007,6.806,48.098,4.437,"S","J"],[132.159,-3.732,-222.908,0.083,0,0.997,0,1,0,-0.997,0,0.083,4.346,44.513,5.307,"S","J"],[132.207,-3.032,-222.813,0.122,0,0.993,0,1,0,-0.993,0,0.122,2.094,41.281,5.996,"S","J"],[132.219,-2.439,-222.717,0.161,0,0.987,0,1,0,-0.987,0,0.161,0.011,38.328,6.541,"S","J"],[132.195,-1.823,-222.601,0.193,0,0.981,0,1,0,-0.981,0,0.193,-2.358,35.001,7.058,"S","J"],[132.125,-1.202,-222.457,0.225,0,0.974,0,1,0,-0.974,0,0.225,-3.941,31.279,8.357,"S","J"],[132.059,-0.699,-222.286,0.257,0,0.966,0,1,0,-0.966,0,0.257,-3.843,27.896,10.819,"S","J"],[131.989,-0.254,-222.078,0.296,0,0.955,0,1,0,-0.955,0,0.296,-4.264,24.503,12.226,"S","J"],[131.907,0.115,-221.898,0.339,0,0.941,0,1,0,-0.941,0,0.339,-5.538,21.298,10.267,"S","J"],[131.808,0.418,-221.755,0.378,0,0.926,0,1,0,-0.926,0,0.378,-6.702,18.215,8.346,"S","J"],[131.654,0.74,-221.617,0.416,0,0.909,0,1,0,-0.909,0,0.416,-8.127,14.214,5.802,"S","J"],[131.533,0.911,-221.554,0.44,0,0.898,0,1,0,-0.898,0,0.44,-9.032,11.509,4.051,"S","J"],[131.359,1.081,-221.505,0.465,0,0.885,0,1,0,-0.885,0,0.465,-10.15,7.976,1.731,"S","J"],[131.178,1.183,-221.462,0.243,0,0.97,0,1,0,-0.97,0,0.243,-9.829,4.463,3.301,"S","J"],[131.01,1.225,-221.377,-0.165,0,0.986,0,1,0,-0.986,0,-0.165,-8.757,0.917,5.643,"S","J"],[130.92,1.534,-221.229,-0.705,0,0.709,0,1,0,-0.709,0,-0.705,-1.616,28.63,10.432,"S","J"],[130.956,1.915,-221.067,-0.906,0,0.423,0,1,0,-0.423,0,-0.906,3.91,26.401,12.034,7,"J"],[131.057,2.356,-220.84,-0.99,0,0.143,0,1,0,-0.143,0,-0.99,6.414,22.824,12.76,"S","J"],[131.149,2.773,-220.671,-0.998,0,0.068,0,1,0,-0.068,0,-0.998,6.82,36.616,12.438,8,"J"],[131.283,3.695,-220.46,-0.998,0,0.064,0,1,0,-0.064,0,-0.998,8.071,49.445,10.884,3,"J"],[131.287,4.42,-220.453,-0.998,0.003,0.064,0.003,1,-0.002,-0.064,-0.002,-0.998,-0.097,42.995,-0.942,5,"J"],[131.307,5.069,-220.465,-0.998,0.002,0.064,0.002,1,-0.001,-0.064,-0.001,-0.998,2.1,39.893,-0.634,"S","J"],[131.349,5.747,-220.497,-0.998,0.001,0.064,0.001,1,0,-0.064,0,-0.998,2.287,36.365,-2.49,"S","J"],[131.415,6.413,-220.549,-0.998,0,0.064,0,1,0,-0.064,0,-0.998,3.384,32.527,-3.233,"S","J"],[131.465,6.866,-220.611,-0.998,0,0.064,0,1,0,-0.064,0,-0.998,3.679,29.627,-4.542,"S","J"],[131.541,7.29,-220.672,-0.998,0,0.064,0,1,0,-0.064,0,-0.998,5.673,26.626,-3.64,"S","J"],[131.684,7.766,-220.729,-0.998,0,0.064,0,1,0,-0.064,0,-0.998,8.231,22.773,-2.481,"S","J"],[131.835,8.1,-220.76,-0.998,0,0.061,0,1,0,-0.061,0,-0.998,10.318,19.63,-1.537,"S","J"],[132.054,8.42,-220.775,-0.999,0,0.045,0,1,0,-0.045,0,-0.999,12.733,16.016,-0.484,"S","J"],[132.246,8.616,-220.776,-0.999,0,0.037,0,1,0,-0.037,0,-0.999,14.58,13.312,0.2,"S","J"],[132.557,8.835,-220.766,-1,0,0.031,0,1,0,-0.031,0,-1,15.965,9.418,0.551,"S","J"],[132.78,8.942,-220.759,-1,0,0.028,0,1,0,-0.028,0,-1,15.991,6.667,0.505,"S","J"],[133.057,9.021,-220.751,-1,0,0.028,0,1,0,-0.028,0,-1,15.994,3.279,0.448,"S","J"],[133.311,9.04,-220.744,-1,0,0.028,0,1,0,-0.028,0,-1,15.994,0.159,0.447,"S","J"],[133.613,9.002,-220.736,-1,0,0.027,0,1,0,-0.027,0,-1,15.994,-3.543,0.447,"S","J"],[133.863,8.93,-220.728,-1,0,0.025,0,1,0,-0.025,0,-1,15.995,-3.334,0.416,7,"J"],[134.101,8.921,-220.722,-1,0,0.018,0,1,0,-0.018,0,-1,15.995,0.114,0.384,"S","J"],[134.344,8.928,-220.718,-1,0,0.015,0,1,0,-0.015,0,-1,15.997,0.504,0.294,8,"J"],[134.648,8.936,-220.713,-1,0,0.012,0,1,0,-0.012,0,-1,15.999,0.327,0.2,"S","J"],[134.87,8.939,-220.711,-1,0,0.012,0,1,0,-0.012,0,-1,15.999,0.208,0.185,"S","J"],[135.189,8.942,-220.707,-1,0,0.012,0,1,0,-0.012,0,-1,15.999,0.102,0.185,"S","J"],[135.456,8.943,-220.704,-1,0,0.012,0,1,0,-0.012,0,-1,15.999,0.056,0.185,"S","J"],[135.742,8.944,-220.701,-1,0,0.012,0,1,0,-0.012,0,-1,15.999,0.029,0.185,"S","J"],[136.013,8.944,-220.698,-1,0,0.012,0,1,0,-0.012,0,-1,15.999,0.016,0.185,"S","J"],[136.261,8.944,-220.694,-1,0,0.012,0,1,0,-0.012,0,-1,15.999,0.009,0.185,"S","J"],[136.548,8.944,-220.691,-1,0,0.012,0,1,0,-0.012,0,-1,15.999,0.005,0.185,"S","J"],[136.795,8.944,-220.688,-1,0,0.012,0,1,0,-0.012,0,-1,15.999,0.003,0.185,"S","J"],[137.063,8.944,-220.685,-1,0,0.012,0,1,0,-0.012,0,-1,15.999,0.001,0.185,"S","J"],[137.307,8.944,-220.682,-1,0,0.012,0,1,0,-0.012,0,-1,15.999,0.001,0.185,"S","J"],[137.568,8.944,-220.679,-1,0,0.012,0,1,0,-0.012,0,-1,15.999,0,0.185,"S","J"],[137.874,8.944,-220.676,-1,0,0.012,0,1,0,-0.012,0,-1,"v","S","J"],[138.104,8.944,-220.673,-1,0,0.012,0,1,0,-0.012,0,-1,"v","S","J"],[138.401,8.944,-220.67,-1,0,0.012,0,1,0,-0.012,0,-1,"v","S","J"],[138.668,8.944,-220.667,-1,0,0.012,0,1,0,-0.012,0,-1,"v","S","J"],[138.907,8.944,-220.664,-1,0,0.012,0,1,0,-0.012,0,-1,"v","S","J"],[139.188,8.944,-220.66,-1,0,0.012,0,1,0,-0.012,0,-1,"v","S","J"],[139.433,8.944,-220.658,-1,0,0.012,0,1,0,-0.012,0,-1,"v","S","J"],[139.696,8.944,-220.655,-1,0,0.012,0,1,0,-0.012,0,-1,"v","S","J"],[140.021,8.944,-220.651,-1,0,0.01,0,1,0,-0.01,0,-1,15.999,0.009,0.166,"S","J"],[140.267,8.944,-220.648,-1,0,0.01,0,1,0,-0.01,0,-1,15.999,0.007,0.165,"S","J"],[140.544,8.944,-220.645,-1,0,0.01,0,1,0,-0.01,0,-1,15.999,0.004,0.165,"S","J"],[140.832,8.944,-220.643,-1,0,0.01,0,1,0,-0.01,0,-1,15.999,0.002,0.165,"S","J"],[141.076,8.944,-220.64,-1,0,0.01,0,1,0,-0.01,0,-1,15.999,0.001,0.165,"S","J"],[141.39,8.944,-220.636,-1,0,0.01,0,1,0,-0.01,0,-1,"v","S","J"],[141.607,8.944,-220.634,-1,0,0.01,0,1,0,-0.01,0,-1,15.999,0,0.165,"S","J"],[141.902,8.944,-220.631,-1,0,0.01,0,1,0,-0.01,0,-1,"v","S","J"],[142.157,8.944,-220.629,-1,0,0.01,0,1,0,-0.01,0,-1,"v","S","J"],[142.435,8.944,-220.626,-1,0,0.009,0,1,0,-0.009,0,-1,"v","S","J"],[142.656,8.944,-220.624,-1,0,0.001,0,1,0,-0.001,0,-1,15.999,0,0.139,"S","J"],[142.944,8.944,-220.623,-1,0,-0.005,0,1,0,0.005,0,-1,16,0,-0.013,"S","J"],[143.248,8.944,-220.625,-1,0,-0.015,0,1,0,0.015,0,-1,15.999,0,-0.115,"S","J"],[143.505,8.944,-220.628,-1,0,-0.021,0,1,0,0.021,0,-1,15.998,0,-0.247,"S","J"],[143.732,8.944,-220.632,-1,0,-0.029,0,1,0,0.029,0,-1,15.996,0,-0.367,"S","J"],[144.034,8.944,-220.641,-0.999,0,-0.032,0,1,0,0.032,0,-0.999,15.993,0,-0.477,"S","J"],[144.347,8.944,-220.651,-0.999,0,-0.035,0,1,0,0.035,0,-0.999,15.991,0,-0.54,"S","J"],[144.542,8.944,-220.658,-0.999,0,-0.039,0,1,0,0.039,0,-0.999,15.99,0,-0.565,"S","J"],[144.86,8.944,-220.67,-0.999,0,-0.039,0,1,0,0.039,0,-0.999,15.988,0,-0.615,"S","J"],[145.103,8.944,-220.679,-0.999,0,-0.041,0,1,0,0.041,0,-0.999,15.988,0,-0.619,"S","J"],[145.35,8.944,-220.689,-0.999,0,-0.042,0,1,0,0.042,0,-0.999,15.987,0,-0.654,"S","J"],[145.581,9.323,-220.699,-0.999,0,-0.042,0,1,0,0.042,0,-0.999,15.986,52.705,-0.667,"S","J"],[145.835,10.138,-220.709,-0.999,0,-0.042,0,1,0,0.042,0,-0.999,15.986,50.111,-0.669,3,"J"],[146.081,10.879,-220.72,-0.999,0,-0.042,0,1,0,0.042,0,-0.999,15.986,47.09,-0.67,5,"J"],[146.385,11.731,-220.732,-0.999,0,-0.042,0,1,0,0.042,0,-0.999,15.986,43.365,-0.67,"S","J"],[146.648,12.41,-220.743,-0.999,0,-0.042,0,1,0,0.042,0,-0.999,15.986,40.138,-0.67,"S","J"],[146.916,13.05,-220.754,-0.999,0,-0.042,0,1,0,0.042,0,-0.999,15.986,36.848,-0.67,"S","J"],[147.16,13.583,-220.765,-0.999,0,-0.042,0,1,0,0.042,0,-0.999,15.986,33.854,-0.67,"S","J"],[147.414,14.09,-220.776,-0.999,0,-0.042,0,1,0,0.042,0,-0.999,15.986,30.733,-0.67,"S","J"],[147.725,14.644,-220.789,-0.999,0,-0.042,0,1,0,0.042,0,-0.999,15.986,26.915,-0.67,"S","J"],[147.993,15.059,-220.8,-0.999,0,-0.042,0,1,0,0.042,0,-0.999,15.986,23.635,-0.67,"S","J"],[148.298,15.467,-220.813,-0.999,0,-0.042,0,1,0,0.042,0,-0.999,15.986,19.883,-0.67,"S","J"],[148.57,15.77,-220.824,-0.999,0,-0.042,0,1,0,0.042,0,-0.999,15.986,16.54,-0.67,"S","J"],[148.898,16.059,-220.838,-0.999,0,-0.042,0,1,0,0.042,0,-0.999,15.986,12.521,-0.67,"S","J"],[149.122,16.211,-220.847,-0.999,0,-0.042,0,1,0,0.042,0,-0.999,15.986,9.77,-0.67,"S","J"],[149.413,16.347,-220.859,-0.999,0,-0.042,0,1,0,0.042,0,-0.999,15.986,6.2,-0.67,"S","J"],[149.653,16.413,-220.87,-0.999,0,-0.042,0,1,0,0.042,0,-0.999,15.986,3.252,-0.67,"S","J"],[149.895,16.433,-220.879,-0.999,0,-0.042,0,1,0,0.042,0,-0.999,15.986,0.283,-0.67,"S","J"],[150.157,16.405,-220.89,-0.999,0,-0.042,0,1,0,0.042,0,-0.999,15.986,-2.927,-0.67,"S","J"],[150.394,16.334,-220.9,-0.999,0,-0.042,0,1,0,0.042,0,-0.999,15.986,-5.85,-0.67,"S","J"],[150.701,16.177,-220.913,-0.999,0,-0.042,0,1,0,0.042,0,-0.999,15.986,-9.611,-0.67,"S","J"],[150.955,15.993,-220.924,-0.999,0,-0.042,0,1,0,0.042,0,-0.999,15.986,-12.735,-0.67,"S","J"],[151.227,15.742,-220.935,-0.999,0,-0.042,0,1,0,0.042,0,-0.999,15.986,-16.066,-0.67,"S","J"],[151.491,15.443,-220.946,-0.999,0,-0.042,0,1,0,0.042,0,-0.999,15.986,-19.31,-0.67,"S","J"],[151.801,15.025,-220.959,-0.999,0,-0.042,0,1,0,0.042,0,-0.999,15.986,-23.107,-0.67,"S","J"],[152.029,14.67,-220.969,-0.999,0,-0.042,0,1,0,0.042,0,-0.999,15.986,-25.904,-0.67,"S","J"],[152.278,14.235,-220.979,-0.999,0,-0.042,0,1,0,0.042,0,-0.999,15.986,-28.968,-0.67,"S","J"],[152.584,13.636,-220.992,-0.999,0,-0.042,0,1,0,0.042,0,-0.999,15.986,-32.73,-0.67,"S","J"],[152.848,13.063,-221.002,-0.999,0,-0.042,0,1,0,0.042,0,-0.999,15.986,-35.966,-0.67,"S","J"],[153.093,12.552,-221.013,-0.999,0,-0.042,0,1,0,0.042,0,-0.999,15.986,-22.579,-0.67,"S","J"],[153.349,12.808,-221.024,-0.999,0,-0.042,0,1,0,0.042,0,-0.999,15.986,24.313,-0.67,7,"J"],[153.671,13.247,-221.038,-0.999,0,-0.042,0,1,0,0.042,0,-0.999,15.986,17.906,-0.67,"S","J"],[153.863,13.413,-221.045,-0.973,0,0.231,0,1,0,-0.231,0,-0.973,15.982,12.15,-0.599,8,"J"],[154.125,13.557,-220.997,-0.837,0,0.547,0,1,0,-0.547,0,-0.837,15.109,6.791,4.976,"S","J"],[154.373,13.639,-220.869,-0.739,0,0.674,0,1,0,-0.674,0,-0.739,13.565,3.638,8.388,"S","J"],[154.557,13.678,-220.714,-0.615,0,0.789,0,1,0,-0.789,0,-0.615,11.462,2.081,11.119,"S","J"],[154.712,13.7,-220.529,-0.577,0,0.817,0,1,0,-0.817,0,-0.577,9.897,1.209,12.558,"S","J"],[154.9,13.716,-220.268,-0.573,0,0.82,0,1,0,-0.82,0,-0.573,9.182,0.538,13.103,"S","J"],[155.036,13.722,-220.074,-0.573,0,0.82,0,1,0,-0.82,0,-0.573,9.161,0.309,13.118,"S","J"],[155.209,13.725,-219.827,-0.573,0,0.82,0,1,0,-0.82,0,-0.573,9.161,0.162,13.118,"S","J"],[155.362,13.726,-219.609,-0.573,0,0.82,0,1,0,-0.82,0,-0.573,9.16,-0.259,13.118,"S","J"],[155.497,13.694,-219.414,-0.573,0,0.82,0,1,0,-0.82,0,-0.573,9.16,-3.175,13.118,"S","J"],[155.66,13.599,-219.181,-0.573,0,0.82,0,1,0,-0.82,0,-0.573,9.16,-6.647,13.118,"S","J"],[155.828,13.873,-218.94,-0.573,0,0.82,0,1,0,-0.82,0,-0.573,9.16,42.565,13.118,"S","J"],[155.979,14.718,-218.725,-0.573,0,0.82,0,1,0,-0.82,0,-0.573,9.16,50.043,13.118,3,"J"],[156.125,15.483,-218.516,-0.573,0,0.82,0,1,0,-0.82,0,-0.573,9.16,46.921,13.118,5,"J"],[156.292,16.299,-218.276,-0.573,0,0.82,0,1,0,-0.82,0,-0.573,9.16,43.335,13.118,"S","J"],[156.43,16.926,-218.078,-0.573,0,0.82,0,1,0,-0.82,0,-0.573,9.16,40.367,13.118,"S","J"],[156.574,17.529,-217.872,-0.573,0,0.82,0,1,0,-0.82,0,-0.573,9.16,37.293,13.118,"S","J"],[156.731,18.134,-217.646,-0.573,0,0.82,0,1,0,-0.82,0,-0.573,9.16,33.92,13.118,"S","J"],[156.865,18.602,-217.455,-0.573,0,0.82,0,1,0,-0.82,0,-0.573,9.16,31.061,13.118,"S","J"],[157.044,19.164,-217.199,-0.587,0,0.81,0,1,0,-0.81,0,-0.587,9.246,27.214,13.058,"S","J"],[157.193,19.565,-216.993,-0.597,0,0.802,0,1,0,-0.802,0,-0.597,9.422,24.105,12.931,"S","J"],[157.367,19.963,-216.758,-0.61,0,0.792,0,1,0,-0.792,0,-0.61,9.596,20.521,12.803,"S","J"],[157.525,20.265,-216.552,-0.624,0,0.782,0,1,0,-0.782,0,-0.624,9.768,17.339,12.672,"S","J"],[157.805,20.66,-216.207,-0.666,0,0.746,0,1,0,-0.746,0,-0.666,10.424,11.878,12.137,"S","J"],[157.968,20.813,-216.023,-0.689,0,0.725,0,1,0,-0.725,0,-0.689,10.754,8.879,11.847,"S","J"],[158.165,20.932,-215.814,-0.701,0,0.713,0,1,0,-0.713,0,-0.701,11.067,5.346,11.554,"S","J"],[158.304,20.979,-215.672,-0.705,0,0.709,0,1,0,-0.709,0,-0.705,11.219,2.903,11.407,"S","J"],[158.519,20.991,-215.455,-0.707,0,0.707,0,1,0,-0.707,0,-0.707,11.283,-0.833,11.344,"S","J"],[158.671,20.956,-215.303,-0.709,0,0.705,0,1,0,-0.705,0,-0.709,11.313,-3.465,11.315,"S","J"],[158.865,20.863,-215.11,-0.71,0,0.704,0,1,0,-0.704,0,-0.71,11.359,-6.812,11.268,"S","J"],[159.044,20.724,-214.932,-0.71,0,0.704,0,1,0,-0.704,0,-0.71,11.361,-9.906,11.266,"S","J"],[159.243,20.513,-214.736,-0.71,0,0.704,0,1,0,-0.704,0,-0.71,11.361,-13.339,11.266,"S","J"],[159.437,20.249,-214.543,-0.71,0,0.704,0,1,0,-0.704,0,-0.71,11.361,-16.694,11.266,"S","J"],[159.606,19.972,-214.375,-0.71,0,0.704,0,1,0,-0.704,0,-0.71,11.361,-19.624,11.266,"S","J"],[159.797,20.041,-214.186,-0.71,0,0.704,0,1,0,-0.704,0,-0.71,11.361,10.699,11.266,7,"J"],[159.978,20.192,-214.001,-0.633,0,0.774,0,1,0,-0.774,0,-0.633,10.917,8.064,11.502,"S","J"],[160.137,20.286,-213.814,-0.568,0,0.823,0,1,0,-0.823,0,-0.568,10.052,5.042,12.44,5,"J"],[160.279,20.333,-213.617,-0.514,0,0.858,0,1,0,-0.858,0,-0.514,9.045,2.07,13.193,"S","J"],[160.447,20.368,-213.345,-0.476,0,0.879,0,1,0,-0.879,0,-0.476,8.045,4.028,13.829,"S","J"],[160.583,20.435,-213.112,-0.441,0,0.897,0,1,0,-0.897,0,-0.441,7.518,4.254,14.123,7,"J"],[160.721,20.48,-212.909,-0.422,0,0.907,0,1,0,-0.907,0,-0.422,7.426,1.773,14.098,"S","J"],[160.875,20.469,-212.663,-0.414,0,0.91,0,1,0,-0.91,0,-0.414,6.907,-1.933,12.864,8,"J"],[160.982,20.473,-212.469,-0.414,0,0.91,0,1,0,-0.91,0,-0.414,7.03,1.634,13.978,"S","J"],[161.122,20.511,-212.221,-0.411,0,0.912,0,1,0,-0.912,0,-0.411,7.032,1.993,14.184,"S","J"],[161.247,20.537,-212.016,-0.398,0,0.917,0,1,0,-0.917,0,-0.398,6.991,1.706,14.186,"S","J"],[161.398,20.562,-211.788,-0.374,0,0.927,0,1,0,-0.927,0,-0.374,6.845,1.192,14.199,"S","J"],[161.551,20.576,-211.561,-0.354,0,0.935,0,1,0,-0.935,0,-0.354,6.627,0.675,14.212,"S","J"],[161.684,20.584,-211.352,-0.348,0,0.938,0,1,0,-0.938,0,-0.348,6.457,0.389,14.215,"S","J"],[161.808,20.59,-211.14,-0.347,0,0.938,0,1,0,-0.938,0,-0.347,6.393,0.577,14.218,"S","J"],[161.933,20.609,-210.913,-0.352,0,0.936,0,1,0,-0.936,0,-0.352,6.395,1.131,14.226,"S","J"],[162.054,20.623,-210.692,-0.357,0,0.934,0,1,0,-0.934,0,-0.357,6.449,0.766,14.224,"S","J"],[162.192,20.633,-210.442,-0.357,0,0.934,0,1,0,-0.934,0,-0.357,6.487,0.422,14.22,"S","J"],[162.31,20.637,-210.237,-0.356,0,0.935,0,1,0,-0.935,0,-0.356,6.492,0.25,14.216,"S","J"],[162.439,20.64,-210.017,-0.354,0,0.935,0,1,0,-0.935,0,-0.354,6.478,0.142,14.21,"S","J"],[162.585,20.63,-209.757,-0.354,0,0.935,0,1,0,-0.935,0,-0.354,6.466,-0.546,14.212,"S","J"],[162.694,20.63,-209.564,-0.354,0,0.935,0,1,0,-0.935,0,-0.354,6.47,0.124,14.21,"S","J"],[162.824,20.636,-209.337,-0.354,0,0.935,0,1,0,-0.935,0,-0.354,6.474,0.747,14.206,"S","J"],[162.951,20.65,-209.113,-0.353,0,0.936,0,1,0,-0.936,0,-0.353,6.473,0.796,14.204,"S","J"],[163.063,21.415,-208.875,-0.352,0,0.936,0,1,0,-0.936,0,-0.352,6.469,51.784,14.203,"S","J"],[163.192,22.226,-208.653,-0.357,0,0.934,0,1,0,-0.934,0,-0.357,5.725,48.583,14.907,3,"J"],[163.325,23.085,-208.393,-0.365,0,0.931,0,1,0,-0.931,0,-0.365,5.758,44.954,14.927,5,"J"],[163.427,23.697,-208.192,-0.369,0,0.93,0,1,0,-0.93,0,-0.369,5.824,42.175,14.902,"S","J"],[163.536,24.313,-207.975,-0.374,0,0.928,0,1,0,-0.928,0,-0.374,5.908,39.171,14.869,"S","J"],[163.658,24.93,-207.741,-0.377,0,0.926,0,1,0,-0.926,0,-0.377,5.97,35.91,14.845,"S","J"],[163.784,25.503,-207.507,-0.379,0,0.926,0,1,0,-0.926,0,-0.379,6.554,32.581,14.174,"S","J"],[163.929,26.084,-207.261,-0.381,0,0.925,0,1,0,-0.925,0,-0.381,6.817,28.817,13.546,"S","J"],[164.037,26.502,-207.059,-0.386,0,0.922,0,1,0,-0.922,0,-0.386,6.811,25.772,13.014,"S","J"],[164.141,26.858,-206.866,-0.389,0,0.921,0,1,0,-0.921,0,-0.389,7.022,22.838,12.375,"S","J"],[164.279,27.256,-206.627,-0.389,0,0.921,0,1,0,-0.921,0,-0.389,7.299,19.053,12.309,"S","J"],[164.385,27.521,-206.419,-0.389,0,0.921,0,1,0,-0.921,0,-0.389,6.564,16.016,13.965,"S","J"],[164.491,27.728,-206.238,-0.389,0,0.921,0,1,0,-0.921,0,-0.389,6.911,13.15,13.17,"S","J"],[164.614,27.939,-205.959,-0.389,0,0.921,0,1,0,-0.921,0,-0.389,6.237,9.342,14.705,"S","J"],[164.714,28.057,-205.723,-0.389,0,0.921,0,1,0,-0.921,0,-0.389,6.221,6.198,14.74,"S","J"],[164.814,28.124,-205.486,-0.389,0,0.921,0,1,0,-0.921,0,-0.389,6.221,3.043,14.741,"S","J"],[164.911,28.142,-205.257,-0.389,0,0.921,0,1,0,-0.921,0,-0.389,6.221,-0.005,14.741,"S","J"],[165.027,28.099,-204.982,-0.252,0,0.968,0,1,0,-0.968,0,-0.252,6.122,-3.667,14.78,"S","J"],[165.102,28.013,-204.747,-0.099,0,0.995,0,1,0,-0.995,0,-0.099,4.135,-6.701,15.416,"S","J"],[165.146,27.873,-204.493,0.091,0,0.996,0,1,0,-0.996,0,0.091,1.861,-9.877,15.837,"S","J"],[165.153,27.679,-204.235,0.303,0,0.953,0,1,0,-0.953,0,0.303,-0.468,-13.074,15.876,"S","J"],[165.115,27.402,-203.951,0.471,0,0.882,0,1,0,-0.882,0,0.471,-3.019,-16.615,15.51,"S","J"],[165.044,27.098,-203.703,0.615,0,0.788,0,1,0,-0.788,0,0.615,-5.258,-19.835,14.82,"S","J"],[164.918,26.762,-203.497,0.722,0,0.692,0,1,0,-0.692,0,0.722,-9.805,-22.854,12.534,"S","J"],[164.77,26.441,-203.349,0.749,0,0.663,0,1,0,-0.663,0,0.749,-11.785,-25.425,10.793,7,"J"],[164.561,25.957,-203.163,0.749,0,0.663,0,1,0,-0.663,0,0.749,-11.98,-28.862,10.605,"S","J"],[164.383,25.648,-203.005,0.749,0,0.663,0,1,0,-0.663,0,0.749,-11.984,-10.751,10.601,8,"J"],[164.156,25.739,-202.806,0.749,0,0.663,0,1,0,-0.663,0,0.749,-11.984,17.276,10.601,7,"J"],[163.957,26.61,-202.629,0.749,0,0.663,0,1,0,-0.663,0,0.749,-11.984,51.178,10.601,3,"J"],[163.747,27.47,-202.443,0.749,0,0.663,0,1,0,-0.663,0,0.749,-11.984,47.736,10.601,5,"J"],[163.529,28.296,-202.25,0.749,0,0.663,0,1,0,-0.663,0,0.749,-11.984,44.175,10.601,"S","J"],[163.338,28.968,-202.082,0.749,0,0.663,0,1,0,-0.663,0,0.749,-11.984,41.056,10.601,"S","J"],[163.152,29.58,-201.916,0.749,0,0.663,0,1,0,-0.663,0,0.749,-11.984,37.984,10.601,"S","J"],[162.929,30.242,-201.719,0.749,0,0.663,0,1,0,-0.663,0,0.749,-11.984,34.351,10.601,"S","J"],[162.745,30.741,-201.556,0.749,0,0.663,0,1,0,-0.663,0,0.749,-11.984,31.334,10.601,"S","J"],[162.557,31.201,-201.391,0.749,0,0.663,0,1,0,-0.663,0,0.749,-11.984,28.261,10.601,"S","J"],[162.344,31.667,-201.201,0.749,0,0.663,0,1,0,-0.663,0,0.749,-11.98,24.762,10.605,"S","J"],[162.149,32.038,-201.028,0.749,0,0.663,0,1,0,-0.663,0,0.749,-11.979,21.564,10.607,"S","J"],[161.921,32.406,-200.826,0.749,0,0.663,0,1,0,-0.663,0,0.749,-11.979,17.828,10.607,"S","J"],[161.738,32.646,-200.665,0.749,0,0.663,0,1,0,-0.663,0,0.749,-11.979,14.846,10.607,"S","J"],[161.547,32.853,-200.495,0.749,0,0.663,0,1,0,-0.663,0,0.749,-11.979,11.701,10.607,"S","J"],[161.346,33.014,-200.317,0.749,0,0.663,0,1,0,-0.663,0,0.749,-11.979,8.417,10.607,"S","J"],[161.115,33.132,-200.113,0.749,0,0.663,0,1,0,-0.663,0,0.749,-11.979,4.637,10.607,"S","J"],[160.911,33.176,-199.932,0.749,0,0.663,0,1,0,-0.663,0,0.749,-11.979,1.287,10.607,"S","J"],[160.734,33.167,-199.776,0.749,0,0.663,0,1,0,-0.663,0,0.749,-11.979,-1.605,10.607,"S","J"],[160.516,33.099,-199.583,0.749,0,0.663,0,1,0,-0.663,0,0.749,-11.979,-5.171,10.607,"S","J"],[160.303,32.968,-199.394,0.749,0,0.663,0,1,0,-0.663,0,0.749,-11.979,-8.669,10.607,"S","J"],[160.11,32.797,-199.223,0.749,0,0.663,0,1,0,-0.663,0,0.749,-11.979,-11.83,10.607,"S","J"],[159.939,32.603,-199.072,0.749,0,0.663,0,1,0,-0.663,0,0.749,-11.979,-14.621,10.607,"S","J"],[159.746,32.334,-198.901,0.749,0,0.663,0,1,0,-0.663,0,0.749,-11.979,-17.797,10.607,"S","J"],[159.508,31.935,-198.69,0.749,0,0.663,0,1,0,-0.663,0,0.749,-11.979,-21.686,10.607,"S","J"],[159.357,31.64,-198.556,0.749,0,0.663,0,1,0,-0.663,0,0.749,-11.979,-24.156,10.607,"S","J"],[159.135,31.151,-198.359,0.749,0,0.663,0,1,0,-0.663,0,0.749,-11.979,-27.8,10.607,"S","J"],[158.934,30.649,-198.182,0.749,0,0.663,0,1,0,-0.663,0,0.749,-11.979,-31.086,10.607,"S","J"],[158.761,30.176,-198.029,0.749,0,0.663,0,1,0,-0.663,0,0.749,-11.979,-33.913,10.607,"S","J"],[158.519,29.441,-197.814,0.749,0,0.663,0,1,0,-0.663,0,0.749,-11.979,-37.887,10.607,"S","J"],[158.344,28.862,-197.66,0.749,0,0.663,0,1,0,-0.663,0,0.749,-11.979,-40.743,10.607,"S","J"],[158.163,28.251,-197.498,0.749,0,0.663,0,1,0,-0.663,0,0.749,-11.946,-34.503,10.578,"S","J"],[157.921,28.166,-197.284,0.749,0,0.663,0,1,0,-0.663,0,0.749,-11.818,-0.404,10.465,7,"J"],[157.729,28.165,-197.114,0.749,0,0.663,0,1,0,-0.663,0,0.749,-11.817,-0.005,10.464,"S","J"],[157.555,28.155,-196.961,0.749,0,0.663,0,1,0,-0.663,0,0.749,-11.817,-2.415,10.464,8,"J"],[157.307,28.003,-196.741,0.749,0,0.663,0,1,0,-0.663,0,0.749,-11.948,-9.052,10.579,12,"J"],[157.116,27.826,-196.572,0.749,0,0.663,0,1,0,-0.663,0,0.749,-11.904,-12.202,10.541,8,"J"],[156.935,27.611,-196.412,0.749,0,0.663,0,1,0,-0.663,0,0.749,-11.82,-15.198,10.466,"S","J"],[156.763,27.362,-196.259,0.749,0,0.663,0,1,0,-0.663,0,0.749,-11.817,-18.062,10.464,"S","J"],[156.538,27.3,-196.06,0.749,0,0.663,0,1,0,-0.663,0,0.749,-11.817,0.624,10.464,"S","J"],[156.357,27.329,-195.9,0.749,0,0.663,0,1,0,-0.663,0,0.749,-11.817,2.3,10.464,"S","J"],[156.149,27.374,-195.716,0.749,0,0.663,0,1,0,-0.663,0,0.749,-11.817,2.603,10.464,"S","J"],[155.968,27.414,-195.556,0.749,0,0.663,0,1,0,-0.663,0,0.749,-11.817,2.631,10.464,"S","J"],[155.772,27.458,-195.382,0.749,0,0.663,0,1,0,-0.663,0,0.749,-11.817,2.631,10.464,"S","J"],[155.554,27.506,-195.189,0.749,0,0.663,0,1,0,-0.663,0,0.749,-11.817,2.623,10.464,"S","J"],[155.365,27.549,-195.023,0.749,0,0.663,0,1,0,-0.663,0,0.749,-11.817,2.621,10.464,"S","J"],[155.183,27.588,-194.861,0.749,0,0.663,0,1,0,-0.663,0,0.749,-11.817,2.621,10.464,"S","J"],[155.005,27.628,-194.704,0.749,0,0.663,0,1,0,-0.663,0,0.749,-11.817,2.62,10.464,"S","J"],[154.792,27.676,-194.515,0.749,0,0.663,0,1,0,-0.663,0,0.749,-11.817,2.62,10.464,"S","J"],[154.58,27.722,-194.327,0.749,0,0.663,0,1,0,-0.663,0,0.749,-11.817,2.618,10.464,"S","J"],[154.403,27.762,-194.171,0.749,0,0.663,0,1,0,-0.663,0,0.749,-11.817,2.62,10.464,"S","J"],[154.174,27.813,-193.968,0.749,0,0.663,0,1,0,-0.663,0,0.749,-11.817,2.619,10.464,"S","J"],[153.978,27.856,-193.794,0.749,0,0.663,0,1,0,-0.663,0,0.749,-11.817,2.619,10.464,"S","J"],[153.789,27.898,-193.627,0.749,0,0.663,0,1,0,-0.663,0,0.749,-11.817,2.618,10.464,"S","J"],[153.568,27.947,-193.432,0.749,0,0.663,0,1,0,-0.663,0,0.749,-11.817,2.617,10.464,"S","J"],[153.385,27.987,-193.269,0.749,0,0.663,0,1,0,-0.663,0,0.749,-11.817,2.619,10.464,"S","J"],[153.173,28.034,-193.081,0.749,0,0.663,0,1,0,-0.663,0,0.749,-11.817,2.619,10.464,"S","J"],[152.994,28.074,-192.922,0.749,0,0.663,0,1,0,-0.663,0,0.749,-11.817,2.618,10.464,"S","J"],[152.797,28.118,-192.748,0.749,0,0.663,0,1,0,-0.663,0,0.749,-11.817,2.62,10.464,"S","J"],[152.614,28.158,-192.586,0.749,0,0.663,0,1,0,-0.663,0,0.749,-11.817,2.62,10.464,"S","J"],[152.383,28.21,-192.382,0.749,0,0.663,0,1,0,-0.663,0,0.749,-11.817,2.618,10.464,"S","J"],[152.202,28.249,-192.221,0.749,0,0.663,0,1,0,-0.663,0,0.749,-11.817,2.619,10.464,"S","J"],[152.026,28.289,-192.066,0.749,0,0.663,0,1,0,-0.663,0,0.749,-11.817,2.621,10.464,"S","J"],[151.827,28.333,-191.89,0.749,0,0.663,0,1,0,-0.663,0,0.749,-11.817,2.618,10.464,"S","J"],[151.651,28.371,-191.734,0.749,0,0.663,0,1,0,-0.663,0,0.749,-11.817,2.621,10.464,"S","J"],[151.45,28.416,-191.556,0.749,0,0.663,0,1,0,-0.663,0,0.749,-11.817,2.619,10.464,"S","J"],[151.247,28.462,-191.376,0.749,0,0.663,0,1,0,-0.663,0,0.749,-11.817,2.619,10.464,"S","J"],[151.058,28.503,-191.209,0.749,0,0.663,0,1,0,-0.663,0,0.749,-11.817,2.621,10.464,"S","J"],[150.825,28.555,-191.002,0.749,0,0.663,0,1,0,-0.663,0,0.749,-11.817,2.618,10.464,"S","J"],[150.65,28.594,-190.847,0.749,0,0.663,0,1,0,-0.663,0,0.749,-11.817,2.618,10.464,"S","J"],[150.46,28.636,-190.68,0.749,0,0.663,0,1,0,-0.663,0,0.749,-11.817,2.619,10.464,"S","J"],[150.242,28.684,-190.486,0.749,0,0.663,0,1,0,-0.663,0,0.749,-11.817,2.617,10.464,"S","J"],[150.061,28.724,-190.327,0.749,0,0.663,0,1,0,-0.663,0,0.749,-11.817,2.62,10.464,"S","J"],[149.851,28.77,-190.14,0.749,0,0.663,0,1,0,-0.663,0,0.749,-11.817,2.618,10.464,"S","J"],[149.672,28.81,-189.982,0.749,0,0.663,0,1,0,-0.663,0,0.749,-11.817,2.619,10.464,"S","J"],[149.477,28.854,-189.809,0.749,0,0.663,0,1,0,-0.663,0,0.749,-11.817,2.621,10.464,"S","J"],[149.252,28.903,-189.61,0.749,0,0.663,0,1,0,-0.663,0,0.749,-11.817,2.618,10.464,"S","J"],[149.067,28.945,-189.445,0.749,0,0.663,0,1,0,-0.663,0,0.749,-11.817,2.618,10.464,"S","J"],[148.881,28.986,-189.281,0.749,0,0.663,0,1,0,-0.663,0,0.749,-11.805,2.633,10.453,"S","J"],[148.688,29.03,-189.11,0.749,0,0.663,0,1,0,-0.663,0,0.749,-11.791,2.707,10.441,"S","J"],[148.498,29.074,-188.943,0.749,0,0.663,0,1,0,-0.663,0,0.749,-11.791,2.757,10.441,"S","J"],[148.283,29.125,-188.752,0.749,0,0.663,0,1,0,-0.663,0,0.749,-11.791,2.789,10.441,"S","J"],[148.099,29.168,-188.589,0.749,0,0.663,0,1,0,-0.663,0,0.749,-11.791,2.807,10.441,"S","J"],[147.912,29.213,-188.424,0.749,0,0.663,0,1,0,-0.663,0,0.749,-11.791,2.816,10.441,"S","J"],[147.699,29.264,-188.235,0.749,0,0.663,0,1,0,-0.663,0,0.749,-11.769,2.841,10.421,"S","J"],[147.507,29.311,-188.066,0.749,0,0.663,0,1,0,-0.663,0,0.749,-11.762,2.911,10.415,"S","J"],[147.288,29.366,-187.871,0.749,0,0.663,0,1,0,-0.663,0,0.749,-11.762,2.966,10.415,"S","J"],[147.108,29.412,-187.711,0.749,0,0.663,0,1,0,-0.663,0,0.749,-11.762,2.997,10.415,"S","J"],[146.923,29.46,-187.548,0.749,0,0.663,0,1,0,-0.663,0,0.749,-11.762,3.011,10.415,"S","J"],[146.74,29.506,-187.385,0.749,0,0.663,0,1,0,-0.663,0,0.749,-11.762,3.021,10.415,"S","J"],[146.518,29.564,-187.189,0.749,0,0.663,0,1,0,-0.663,0,0.749,-11.739,3.046,10.394,"S","J"],[146.357,29.606,-187.046,0.749,0,0.663,0,1,0,-0.663,0,0.749,-11.732,3.104,10.388,"S","J"],[146.107,29.673,-186.825,0.749,0,0.663,0,1,0,-0.663,0,0.749,-11.732,3.168,10.388,"S","J"],[145.928,29.722,-186.666,0.749,0,0.663,0,1,0,-0.663,0,0.749,-11.732,3.2,10.388,"S","J"],[145.727,29.777,-186.489,0.749,0,0.663,0,1,0,-0.663,0,0.749,-11.732,3.216,10.388,"S","J"],[145.55,29.825,-186.332,0.749,0,0.663,0,1,0,-0.663,0,0.749,-11.732,3.227,10.388,"S","J"],[145.345,29.882,-186.15,0.749,0,0.663,0,1,0,-0.663,0,0.749,-11.705,3.25,10.364,"S","J"],[145.161,29.933,-185.988,0.749,0,0.663,0,1,0,-0.663,0,0.749,-11.699,3.321,10.359,"S","J"],[144.952,29.994,-185.802,0.749,0,0.663,0,1,0,-0.663,0,0.749,-11.699,3.381,10.359,"S","J"],[144.747,30.053,-185.621,0.749,0,0.663,0,1,0,-0.663,0,0.749,-11.699,3.401,10.359,"S","J"],[144.587,30.1,-185.48,0.749,0,0.663,0,1,0,-0.663,0,0.749,-11.699,3.422,10.359,"S","J"],[144.38,30.161,-185.295,0.743,0,0.669,0,1,0,-0.669,0,0.743,-11.669,3.433,10.392,"S","J"],[144.158,30.226,-185.096,0.728,0,0.685,0,1,0,-0.685,0,0.728,-11.548,3.472,10.452,"S","J"],[143.993,30.277,-184.943,0.69,0,0.724,0,1,0,-0.724,0,0.69,-11.314,3.542,10.684,"S","J"],[143.805,30.34,-184.75,0.635,0,0.772,0,1,0,-0.772,0,0.635,-10.605,3.631,11.338,"S","J"],[143.647,30.398,-184.563,0.558,0,0.83,0,1,0,-0.83,0,0.558,-9.659,3.735,12.101,"S","J"],[143.483,30.468,-184.329,0.493,0,0.87,0,1,0,-0.87,0,0.493,-8.335,3.867,12.999,"S","J"],[143.359,30.532,-184.116,0.441,0,0.897,0,1,0,-0.897,0,0.441,-7.484,4.002,13.484,"S","J"],[143.233,30.603,-183.868,0.413,0,0.911,0,1,0,-0.911,0,0.413,-6.893,3.947,14.045,"S","J"],[143.132,30.657,-183.65,0.406,0,0.914,0,1,0,-0.914,0,0.406,-6.586,3.117,14.558,"S","J"],[143.022,30.696,-183.402,0.406,0,0.914,0,1,0,-0.914,0,0.406,-6.492,1.862,14.623,"S","J"],[142.924,30.716,-183.181,0.406,0,0.914,0,1,0,-0.914,0,0.406,-6.489,1.103,14.625,"S","J"],[142.8,30.73,-182.902,0.406,0,0.914,0,1,0,-0.914,0,0.406,-6.488,0.554,14.625,"S","J"],[142.696,30.736,-182.668,0.406,0,0.914,0,1,0,-0.914,0,0.406,-6.488,0.31,14.625,"S","J"],[142.608,30.739,-182.468,0.406,0,0.914,0,1,0,-0.914,0,0.406,-6.488,0.188,14.625,"S","J"],[142.494,30.742,-182.214,0.421,0,0.907,0,1,0,-0.907,0,0.421,-6.517,0.1,14.612,"S","J"],[142.374,30.665,-181.979,0.597,0,0.802,0,1,0,-0.802,0,0.597,-7.978,-7.065,13.855,"S","J"],[142.236,30.529,-181.781,0.687,0,0.727,0,1,0,-0.727,0,0.687,-9.652,-10.038,12.749,"S","J"],[142.058,30.33,-181.585,0.771,0,0.637,0,1,0,-0.637,0,0.771,-11.226,-13.279,11.391,"S","J"],[141.812,30.012,-181.375,0.848,0,0.529,0,1,0,-0.529,0,0.848,-12.715,-17.253,9.702,"S","J"],[141.653,29.786,-181.27,0.898,0,0.441,0,1,0,-0.441,0,0.898,-13.528,-19.596,8.518,"S","J"],[141.408,29.411,-181.141,0.946,0,0.323,0,1,0,-0.323,0,0.946,-14.521,-22.993,6.697,"S","J"],[141.133,29.337,-181.041,0.981,0,0.192,0,1,0,-0.192,0,0.981,-15.188,1.074,5,"S","J"],[140.902,29.37,-180.986,0.994,0,0.108,0,1,0,-0.108,0,0.994,-15.709,2.352,2.986,"S","J"],[140.632,29.402,-180.953,0.999,0,0.036,0,1,0,-0.036,0,0.999,-15.917,1.589,1.545,"S","J"],[140.322,29.423,-180.938,1,0,0.004,0,1,0,-0.004,0,1,-15.994,0.828,0.393,"S","J"],[140.026,29.434,-180.936,1,0,0.013,0,1,0,-0.013,0,1,-16,0.422,0.024,"S","J"],[139.808,29.438,-180.934,1,0,0.023,0,1,0,-0.023,0,1,-15.998,0.257,0.222,"S","J"],[139.531,29.441,-180.928,0.999,0,0.036,0,1,0,-0.036,0,0.999,-15.995,0.135,0.393,"S","J"],[139.265,29.443,-180.919,0.999,0,0.054,0,1,0,-0.054,0,0.999,-15.988,0.074,0.627,"S","J"],[139.003,29.444,-180.904,0.998,0,0.061,0,1,0,-0.061,0,0.998,-15.974,0.037,0.912,"S","J"],[138.682,29.444,-180.885,0.998,0,0.064,0,1,0,-0.064,0,0.998,-15.97,0.017,0.973,"S","J"],[138.459,29.444,-180.872,0.998,0,0.064,0,1,0,-0.064,0,0.998,-15.967,0.01,1.023,"S","J"],[138.198,29.444,-180.854,0.998,0,0.067,0,1,0,-0.067,0,0.998,-15.967,0.005,1.028,"S","J"],[137.944,29.444,-180.837,0.998,0,0.067,0,1,0,-0.067,0,0.998,-15.964,0.003,1.077,"S","J"],[137.635,29.444,-1