[[133.024,17.403,-238.088,0.274,0,0.962,0,1,0,-0.962,0,0.274,-4.378,35.314,15.366,5,0],[132.941,18.027,-237.798,0.274,0,0.962,0,1,0,-0.962,0,0.274,-4.384,31.603,15.388,"S","J"],[132.868,18.521,-237.541,0.274,0,0.962,0,1,0,-0.962,0,0.274,-4.384,28.33,15.388,"S","J"],[132.818,18.823,-237.368,0.274,0,0.962,0,1,0,-0.962,0,0.274,-4.384,26.121,15.388,"S","J"],[132.735,19.274,-237.076,0.274,0,0.962,0,1,0,-0.962,0,0.274,-4.384,22.404,15.388,"S","J"],[132.66,19.623,-236.813,0.274,0,0.962,0,1,0,-0.962,0,0.274,-4.384,19.046,15.388,"S","J"],[132.592,19.89,-236.572,0.274,0,0.962,0,1,0,-0.962,0,0.274,-4.384,15.984,15.388,"S","J"],[132.509,20.149,-236.282,0.274,0,0.962,0,1,0,-0.962,0,0.274,-4.384,12.284,15.388,"S","J"],[132.437,20.317,-236.03,0.274,0,0.962,0,1,0,-0.962,0,0.274,-4.384,9.069,15.388,"S","J"],[132.372,20.424,-235.802,0.274,0,0.962,0,1,0,-0.962,0,0.274,-4.384,6.163,15.388,"S","J"],[132.301,20.491,-235.554,0.274,0,0.962,0,1,0,-0.962,0,0.274,-4.384,2.995,15.388,"S","J"],[132.231,20.508,-235.308,0.274,0,0.962,0,1,0,-0.962,0,0.274,-4.384,-0.133,15.388,"S","J"],[132.15,20.462,-235.023,0.274,0,0.962,0,1,0,-0.962,0,0.274,-4.384,-3.779,15.388,"S","J"],[132.077,20.366,-234.767,0.274,0,0.962,0,1,0,-0.962,0,0.274,-4.384,-7.037,15.388,"S","J"],[132.01,20.229,-234.531,0.274,0,0.962,0,1,0,-0.962,0,0.274,-4.384,-10.054,15.388,"S","J"],[131.929,20.002,-234.247,0.274,0,0.962,0,1,0,-0.962,0,0.274,-4.384,-13.669,15.388,"S","J"],[131.857,19.745,-233.995,0.274,0,0.962,0,1,0,-0.962,0,0.274,-4.384,-16.889,15.388,"S","J"],[131.784,19.429,-233.737,0.274,0,0.962,0,1,0,-0.962,0,0.274,-4.384,-20.167,15.388,"S","J"],[131.709,19.048,-233.474,0.281,0,0.96,0,1,0,-0.96,0,0.281,-4.384,-23.524,15.388,"S","J"],[131.616,18.534,-233.17,0.362,0,0.932,0,1,0,-0.932,0,0.362,-4.958,-27.419,15.209,"S","J"],[131.508,18.012,-232.908,0.659,0,0.752,0,1,0,-0.752,0,0.659,-6.857,-30.885,14.366,"S","J"],[131.374,17.466,-232.684,0.853,0,0.523,0,1,0,-0.523,0,0.853,-8.745,-34.141,12.939,"S","J"],[131.164,16.702,-232.441,0.924,0,0.382,0,1,0,-0.382,0,0.924,-10.844,-38.238,10.819,"S","J"],[130.951,15.944,-232.265,0.968,0,0.252,0,1,0,-0.252,0,0.968,-11.42,-41.909,8.391,"S","J"],[130.737,15.084,-232.131,0.987,0,0.163,0,1,0,-0.163,0,0.987,-10.558,-45.73,5.744,"S","J"],[130.604,14.455,-232.071,0.999,0,0.035,0,1,0,-0.035,0,0.999,-9.845,-48.327,3.991,"S","J"],[130.371,13.117,-232.018,1,0,-0.017,0,1,0,0.017,0,1,-8.202,-53.443,0.645,"S","J"],[130.23,12.06,-232.033,1,0,-0.018,0,1,0,0.018,0,1,-6.97,-57.166,-1.773,"S","J"],[130.116,11.153,-232.052,1,0,-0.018,0,1,0,0.018,0,1,-5.676,-26.622,0.716,"S","J"],[130.02,11.482,-231.3,1,0,-0.018,0,1,0,0.018,0,1,-6.401,21.411,50.664,3,"J"],[129.92,11.796,-230.503,1,0,-0.018,0,1,0,0.018,0,1,-5.998,18.235,48.385,5,"J"],[129.811,12.105,-229.6,1,0,-0.018,0,1,0,0.018,0,1,-5.519,14.449,45.667,"S","J"],[129.763,12.223,-229.199,1,0,-0.018,0,1,0,0.018,0,1,-5.295,12.689,44.404,"S","J"],[129.681,12.398,-228.499,1,0,-0.018,0,1,0,0.018,0,1,-4.89,9.495,42.111,"S","J"],[129.606,12.518,-227.848,1,0,-0.018,0,1,0,0.018,0,1,-4.492,6.355,39.858,"S","J"],[129.525,12.595,-227.111,1,0,-0.018,0,1,0,0.018,0,1,-4.013,2.569,37.14,"S","J"],[129.467,12.604,-226.556,1,0,-0.018,0,1,0,0.018,0,1,-3.626,-0.48,34.952,"S","J"],[129.414,12.569,-226.034,1,0,-0.018,0,1,0,0.018,0,1,-3.241,-3.525,32.766,"S","J"],[129.362,12.469,-225.486,1,0,-0.018,0,1,0,0.018,0,1,-2.804,-6.968,30.295,"S","J"],[129.324,12.34,-225.061,1,0,-0.018,0,1,0,0.018,0,1,-2.44,-9.844,28.231,"S","J"],[129.288,12.138,-224.612,1,0,-0.018,0,1,0,0.018,0,1,-2.021,-13.146,25.861,"S","J"],[129.256,11.854,-224.161,1,0,-0.018,0,1,0,0.018,0,1,-1.56,-16.785,23.249,"S","J"],[129.231,11.483,-223.741,1,0,-0.018,0,1,0,0.018,0,1,-1.078,-20.599,20.511,"S","J"],[129.218,11.139,-223.449,1,0,-0.018,0,1,0,0.018,0,1,-0.698,-23.595,18.36,"S","J"],[129.211,10.733,-223.18,1,0,-0.018,0,1,0,0.018,0,1,-0.332,-26.709,16.287,"S","J"],[129.206,10.255,-222.913,1,0,-0.018,0,1,0,0.018,0,1,-0.282,-29.968,16.004,"S","J"],[129.202,9.765,-222.667,1,0,-0.018,0,1,0,0.018,0,1,-0.281,-32.986,15.998,"S","J"],[129.195,9.182,-222.403,0.89,0,0.456,0,1,0,-0.456,0,0.89,-0.775,-36.253,15.506,"S","J"],[129.159,8.499,-222.143,0.627,0,0.779,0,1,0,-0.779,0,0.627,-2.889,-39.745,14.104,"S","J"],[129.086,7.795,-221.911,0.135,0,0.991,0,1,0,-0.991,0,0.135,-5.132,-43.049,13.949,"S","J"],[129.022,7.15,-221.699,-0.152,0,0.988,0,1,0,-0.988,0,-0.152,-3.822,-45.869,15.049,"S","J"],[128.982,6.302,-221.43,-0.236,0,0.972,0,1,0,-0.972,0,-0.236,-1.321,-49.326,15.314,"S","J"],[129.02,5.384,-221.155,-0.236,0,0.972,0,1,0,-0.972,0,-0.236,3.548,-52.83,15.453,7,"J"],[129.081,4.862,-220.897,-0.262,0,0.965,0,1,0,-0.965,0,-0.262,3.746,-8.326,15.459,"S","J"],[129.147,4.907,-220.643,-0.363,0,0.932,0,1,0,-0.932,0,-0.363,4.176,4.667,15.01,8,"J"],[129.231,5.533,-220.381,-0.528,0,0.849,0,1,0,-0.849,0,-0.528,5.027,51.576,14.619,7,"J"],[129.331,6.31,-220.157,-0.643,0,0.766,0,1,0,-0.766,0,-0.643,7.158,48.502,13.947,5,"J"],[129.463,7.042,-219.949,-0.683,0,0.731,0,1,0,-0.731,0,-0.683,9.134,45.416,12.876,"S","J"],[129.652,7.83,-219.728,-0.684,0,0.73,0,1,0,-0.73,0,-0.684,10.809,41.84,11.765,"S","J"],[129.828,8.472,-219.54,-0.684,0,0.73,0,1,0,-0.73,0,-0.684,10.938,38.68,11.677,"S","J"],[130.004,9.062,-219.352,-0.684,0,0.73,0,1,0,-0.73,0,-0.684,10.94,35.522,11.676,"S","J"],[130.186,9.62,-219.158,-0.689,0,0.725,0,1,0,-0.725,0,-0.689,10.946,32.253,11.669,"S","J"],[130.389,10.175,-218.943,-0.693,0,0.721,0,1,0,-0.721,0,-0.693,11.042,28.629,11.579,"S","J"],[130.571,10.612,-218.753,-0.698,0,0.717,0,1,0,-0.717,0,-0.698,11.089,25.41,11.535,"S","J"],[130.737,10.961,-218.583,-0.701,0,0.713,0,1,0,-0.713,0,-0.701,11.161,22.499,11.464,"S","J"],[130.947,11.339,-218.369,-0.708,0,0.706,0,1,0,-0.706,0,-0.708,11.243,18.827,11.383,"S","J"],[131.13,11.613,-218.185,-0.714,0,0.7,0,1,0,-0.7,0,-0.714,11.338,15.645,11.289,"S","J"],[131.295,11.811,-218.024,-0.724,0,0.689,0,1,0,-0.689,0,-0.724,11.452,12.813,11.173,"S","J"],[131.52,12.016,-217.808,-0.735,0,0.678,0,1,0,-0.678,0,-0.735,11.622,8.973,10.996,"S","J"],[131.692,12.122,-217.648,-0.74,0,0.673,0,1,0,-0.673,0,-0.74,11.77,6.102,10.838,"S","J"],[131.855,12.182,-217.5,-0.747,0,0.665,0,1,0,-0.665,0,-0.747,11.849,3.397,10.752,"S","J"],[132.083,12.203,-217.296,-0.751,0,0.661,0,1,0,-0.661,0,-0.751,11.961,-0.347,10.627,"S","J"],[132.292,12.159,-217.112,-0.759,0,0.651,0,1,0,-0.651,0,-0.759,12.062,-3.769,10.512,"S","J"],[132.48,12.071,-216.95,-0.767,0,0.641,0,1,0,-0.641,0,-0.767,12.172,-6.814,10.384,"S","J"],[132.712,11.9,-216.756,-0.778,0,0.628,0,1,0,-0.628,0,-0.778,12.31,-10.522,10.22,"S","J"],[132.893,11.719,-216.609,-0.784,0,0.62,0,1,0,-0.62,0,-0.784,12.449,-13.372,10.05,"S","J"],[133.111,11.45,-216.435,-0.789,0,0.614,0,1,0,-0.614,0,-0.789,12.566,-16.79,9.904,"S","J"],[133.34,11.106,-216.257,-0.793,0,0.609,0,1,0,-0.609,0,-0.793,12.637,-20.343,9.813,"S","J"],[133.535,10.764,-216.107,-0.795,0,0.606,0,1,0,-0.606,0,-0.795,12.687,-23.36,9.748,"S","J"],[133.762,10.308,-215.933,-0.801,0,0.599,0,1,0,-0.599,0,-0.801,12.738,-26.872,9.682,"S","J"],[133.968,9.844,-215.779,-0.808,0,0.589,0,1,0,-0.589,0,-0.808,12.826,-30.027,9.565,"S","J"],[134.166,9.35,-215.633,-0.817,0,0.577,0,1,0,-0.577,0,-0.817,12.937,-33.054,9.415,"S","J"],[134.41,8.764,-215.459,-0.823,0,0.567,0,1,0,-0.567,0,-0.823,13.017,-19.072,9.183,"S","J"],[134.639,8.717,-215.301,-0.83,0,0.558,0,1,0,-0.558,0,-0.83,13.133,-0.295,8.998,7,"J"],[134.873,8.717,-215.144,-0.832,0,0.555,0,1,0,-0.555,0,-0.832,13.247,-0.004,8.845,"S","J"],[135.085,8.717,-215.003,-0.832,0,0.555,0,1,0,-0.555,0,-0.832,13.253,0,8.836,"S","J"],[135.294,8.717,-214.863,-0.832,0,0.555,0,1,0,-0.555,0,-0.832,13.254,0,8.836,8,"J"],[135.541,8.985,-214.699,-0.832,0,0.555,0,1,0,-0.555,0,-0.832,13.254,32.497,8.836,7,"J"],[135.706,9.621,-214.589,-0.832,0,0.555,0,1,0,-0.555,0,-0.832,13.305,50.319,8.871,3,"J"],[135.966,10.559,-214.415,-0.832,0,0.555,0,1,0,-0.555,0,-0.832,13.313,46.49,8.875,5,"J"],[136.178,11.268,-214.274,-0.832,0,0.555,0,1,0,-0.555,0,-0.832,13.313,43.364,8.875,"S","J"],[136.387,11.917,-214.135,-0.832,0,0.555,0,1,0,-0.555,0,-0.832,13.313,40.291,8.875,"S","J"],[136.65,12.667,-213.959,-0.832,0,0.555,0,1,0,-0.555,0,-0.832,13.313,36.407,8.875,"S","J"],[136.857,13.202,-213.821,-0.832,0,0.555,0,1,0,-0.555,0,-0.832,13.313,33.368,8.875,"S","J"],[137.075,13.718,-213.675,-0.831,0,0.556,0,1,0,-0.556,0,-0.831,13.299,30.142,8.895,"S","J"],[137.334,14.259,-213.502,-0.831,0,0.556,0,1,0,-0.556,0,-0.831,13.299,26.316,8.896,"S","J"],[137.515,14.593,-213.38,-0.831,0,0.556,0,1,0,-0.556,0,-0.831,13.299,23.645,8.896,"S","J"],[137.756,14.982,-213.22,-0.831,0,0.556,0,1,0,-0.556,0,-0.831,13.299,20.101,8.896,"S","J"],[137.958,15.26,-213.085,-0.831,0,0.556,0,1,0,-0.556,0,-0.831,13.299,17.112,8.896,"S","J"],[138.226,15.555,-212.906,-0.831,0,0.556,0,1,0,-0.556,0,-0.831,13.299,13.162,8.896,"S","J"],[138.404,15.708,-212.786,-0.829,0,0.56,0,1,0,-0.56,0,-0.829,13.287,10.537,8.914,"S","J"],[138.653,15.865,-212.617,-0.825,0,0.565,0,1,0,-0.565,0,-0.825,13.235,6.841,8.991,"S","J"],[138.838,15.936,-212.491,-0.822,0,0.57,0,1,0,-0.57,0,-0.822,13.196,4.091,9.047,"S","J"],[139.1,15.97,-212.31,-0.818,0,0.575,0,1,0,-0.575,0,-0.818,13.132,0.188,9.141,"S","J"],[139.268,15.951,-212.192,-0.814,0,0.581,0,1,0,-0.581,0,-0.814,13.087,-2.322,9.205,"S","J"],[139.522,15.861,-212.012,-0.81,0,0.586,0,1,0,-0.586,0,-0.81,13.006,-6.141,9.319,"S","J"],[139.727,15.733,-211.863,-0.805,0,0.593,0,1,0,-0.593,0,-0.805,12.95,-9.245,9.397,"S","J"],[139.959,15.526,-211.694,-0.798,0,0.603,0,1,0,-0.603,0,-0.798,12.864,-12.772,9.515,"S","J"],[140.125,15.338,-211.569,-0.794,0,0.608,0,1,0,-0.608,0,-0.794,12.767,-15.324,9.644,"S","J"],[140.375,14.991,-211.376,-0.789,0,0.615,0,1,0,-0.615,0,-0.789,12.661,-19.194,9.782,"S","J"],[140.596,14.617,-211.204,-0.786,0,0.619,0,1,0,-0.619,0,-0.786,12.605,-22.631,9.855,"S","J"],[140.766,14.289,-211.071,-0.783,0,0.622,0,1,0,-0.622,0,-0.783,12.568,-25.281,9.903,"S","J"],[141.01,13.752,-210.877,-0.78,0,0.626,0,1,0,-0.626,0,-0.78,12.529,-29.094,9.951,"S","J"],[141.215,13.273,-210.714,-0.774,0,0.633,0,1,0,-0.633,0,-0.774,12.302,-24.692,9.897,"S","J"],[141.387,13.212,-210.574,-0.767,0,0.642,0,1,0,-0.642,0,-0.767,11.676,-0.761,9.554,7,"J"],[141.553,13.21,-210.425,-0.673,0,0.739,0,1,0,-0.739,0,-0.673,10.794,-0.034,10.212,"S","J"],[141.717,13.21,-210.252,-0.578,0,0.816,0,1,0,-0.816,0,-0.578,9.693,-0.001,10.942,8,"J"],[141.853,13.21,-210.071,-0.467,0,0.884,0,1,0,-0.884,0,-0.467,8.071,0,11.782,7,"J"],[141.963,13.143,-209.875,-0.385,0,0.923,0,1,0,-0.923,0,-0.385,6.261,-6.836,12.473,"S","J"],[142.061,13.59,-209.649,-0.374,0,0.928,0,1,0,-0.928,0,-0.374,5.456,55.173,12.71,8,"J"],[142.161,14.522,-209.408,-0.371,0,0.929,0,1,0,-0.929,0,-0.371,5.894,51.733,14.56,3,"J"],[142.26,15.352,-209.16,-0.371,0,0.929,0,1,0,-0.929,0,-0.371,5.928,48.453,14.855,5,"J"],[142.364,16.165,-208.9,-0.362,0,0.932,0,1,0,-0.932,0,-0.362,5.915,45.007,14.867,"S","J"],[142.453,16.825,-208.671,-0.35,0,0.937,0,1,0,-0.937,0,-0.35,5.784,42.005,14.918,"S","J"],[142.554,17.534,-208.405,-0.337,0,0.942,0,1,0,-0.942,0,-0.337,5.558,38.515,15.004,"S","J"],[142.642,18.128,-208.16,-0.33,0,0.944,0,1,0,-0.944,0,-0.33,5.385,35.321,15.066,"S","J"],[142.726,18.692,-207.904,-0.308,0,0.952,0,1,0,-0.952,0,-0.308,4.37,31.992,15.038,"S","J"],[142.771,19.146,-207.679,-0.279,0,0.96,0,1,0,-0.96,0,-0.279,2.219,29.034,14.894,"S","J"],[142.793,19.616,-207.431,-0.137,0,0.991,0,1,0,-0.991,0,-0.137,0.867,25.618,13.497,"S","J"],[142.79,19.901,-207.275,0.047,0,0.999,0,1,0,-0.999,0,0.047,-0.75,23.303,13.114,"S","J"],[142.764,20.184,-207.106,0.105,0,0.995,0,1,0,-0.995,0,0.105,-2.585,20.719,12.685,"S","J"],[142.711,20.449,-206.934,0.11,0,0.994,0,1,0,-0.994,0,0.11,-4.511,17.984,12.17,"S","J"],[142.64,20.654,-206.785,0.114,0,0.993,0,1,0,-0.993,0,0.114,-6.241,15.525,11.701,"S","J"],[142.491,20.923,-206.559,0.115,0,0.993,0,1,0,-0.993,0,0.115,-7.063,11.387,10.283,"S","J"],[142.53,21.064,-206.424,0.115,0,0.993,0,1,0,-0.993,0,0.115,14.428,12.513,9.522,"S","J"],[143.141,21.633,-206.236,0.115,0,0.993,0,1,0,-0.993,0,0.115,38.747,35.653,11.782,3,"J"],[143.864,22.279,-206.025,0.904,0,0.428,0,1,0,-0.428,0,0.904,36.433,31.851,10.303,5,"J"],[144.495,22.813,-205.856,0.976,0,-0.219,0,1,0,0.219,0,0.976,34.31,28.329,8.922,"S","J"],[145.024,23.235,-205.719,0.976,0,-0.219,0,1,0,0.219,0,0.976,32.1,25.17,8.281,"S","J"],[145.613,23.677,-205.568,0.976,0,-0.219,0,1,0,0.219,0,0.976,29.453,21.388,7.513,"S","J"],[146.05,23.98,-205.457,0.976,0,-0.219,0,1,0,0.219,0,0.976,27.311,18.329,6.891,"S","J"],[146.521,24.275,-205.339,0.976,0,-0.219,0,1,0,0.219,0,0.976,24.802,14.744,6.163,"S","J"],[146.887,24.474,-205.249,0.976,0,-0.219,0,1,0,0.219,0,0.976,22.656,11.679,5.541,"S","J"],[147.245,24.637,-205.163,0.976,0,-0.219,0,1,0,0.219,0,0.976,20.346,8.378,4.87,"S","J"],[147.52,24.732,-205.098,0.976,0,-0.219,0,1,0,0.219,0,0.976,18.37,5.556,4.297,"S","J"],[147.86,24.796,-205.02,0.976,0,-0.219,0,1,0,0.219,0,0.976,15.853,1.56,3.566,"S","J"],[148.071,24.792,-204.973,0.976,0,-0.219,0,1,0,0.219,0,0.976,15.625,-1.085,3.5,"S","J"],[148.356,24.733,-204.909,0.976,0,-0.219,0,1,0,0.219,0,0.976,15.613,-4.662,3.497,"S","J"],[148.616,24.62,-204.851,0.976,0,-0.219,0,1,0,0.219,0,0.976,15.613,-7.94,3.497,"S","J"],[148.859,24.467,-204.796,0.976,0,-0.219,0,1,0,0.219,0,0.976,15.613,-10.992,3.497,"S","J"],[149.142,24.229,-204.732,0.976,0,-0.219,0,1,0,0.219,0,0.976,15.613,-14.556,3.497,"S","J"],[149.397,23.958,-204.675,0.976,0,-0.219,0,1,0,0.219,0,0.976,15.613,-17.761,3.497,"S","J"],[149.644,23.646,-204.612,0.976,-0.018,-0.219,0.014,1,-0.017,0.219,0.014,0.976,5.915,-8.499,3.035,"S","J"],[149.637,23.658,-204.587,0.974,-0.062,-0.218,0.05,0.997,-0.062,0.221,0.05,0.974,-2.369,4.44,1.138,"S","J"],[149.642,23.701,-204.574,0.976,-0.026,-0.218,0.019,0.999,-0.035,0.219,0.03,0.975,1.525,0.601,0.746,"S","J"],[149.708,23.66,-204.549,0.976,-0.001,-0.219,-0.001,1,-0.006,0.219,0.006,0.976,4.15,-3.622,1.49,"S","J"],[149.901,24.154,-204.501,0.976,0.003,-0.219,-0.002,1,0.005,0.219,-0.004,0.976,13.014,32.21,3.027,7,"J"],[150.125,24.622,-204.449,0.976,0,-0.219,0,1,0.003,0.219,-0.003,0.976,13.563,25.235,3.077,"S","J"],[150.332,24.938,-204.403,0.976,-0.001,-0.219,0.001,1,-0.002,0.219,0.001,0.976,13.601,18.543,3.021,8,"J"],[150.537,25.141,-204.358,0.976,0,-0.219,0,1,-0.001,0.219,0.001,0.976,13.587,10.86,3.021,7,"J"],[150.801,25.344,-204.299,0.976,0,-0.219,0,1,0.001,0.219,0,0.976,13.57,10.081,3.049,"S","J"],[151.007,25.661,-204.253,0.976,0,-0.219,0,1,0,0.219,0,0.976,13.575,50.372,3.051,8,"J"],[151.263,26.58,-204.195,0.976,0,-0.219,0,1,0,0.219,0,0.976,14.883,49.495,3.34,3,"J"],[151.533,27.408,-204.135,0.976,0,-0.219,0,1,0,0.219,0,0.976,15.602,46.072,3.496,5,"J"],[151.787,28.126,-204.078,0.976,0,-0.219,0,1,0,0.219,0,0.976,15.614,42.875,3.497,"S","J"],[152.015,28.727,-204.027,0.976,0,-0.219,0,1,0,0.219,0,0.976,15.613,40.005,3.497,"S","J"],[152.306,29.429,-203.961,0.976,0,-0.219,0,1,0,0.219,0,0.976,15.613,36.353,3.497,"S","J"],[152.574,30.019,-203.902,0.976,0,-0.219,0,1,0,0.219,0,0.976,15.613,32.977,3.497,"S","J"],[152.811,30.492,-203.848,0.976,0,-0.219,0,1,0,0.219,0,0.976,15.613,29.997,3.497,"S","J"],[153.072,30.958,-203.79,0.976,0,-0.219,0,1,0,0.219,0,0.976,15.613,26.722,3.497,"S","J"],[153.319,31.348,-203.734,0.976,0,-0.219,0,1,0,0.219,0,0.976,15.613,23.625,3.497,"S","J"],[153.586,31.719,-203.674,0.976,0,-0.219,0,1,0,0.219,0,0.976,15.613,20.26,3.497,"S","J"],[153.847,32.023,-203.616,0.976,0,-0.219,0,1,0,0.219,0,0.976,15.613,16.978,3.497,"S","J"],[154.083,32.251,-203.563,0.976,0,-0.219,0,1,0,0.219,0,0.976,15.613,14.011,3.497,"S","J"],[154.375,32.469,-203.498,0.976,0,-0.219,0,1,0,0.219,0,0.976,15.613,10.357,3.497,"S","J"],[154.657,32.618,-203.435,0.976,0,-0.219,0,1,0,0.219,0,0.976,15.613,6.81,3.497,"S","J"],[154.906,32.695,-203.379,0.976,0,-0.219,0,1,0,0.219,0,0.976,15.613,3.678,3.497,"S","J"],[155.178,32.722,-203.318,0.976,0,-0.219,0,1,0,0.219,0,0.976,15.613,0.253,3.497,"S","J"],[155.395,32.701,-203.269,0.976,0,-0.219,0,1,0,0.219,0,0.976,15.613,-2.479,3.497,"S","J"],[155.703,32.607,-203.2,0.982,0,-0.187,0,1,0,0.187,0,0.982,15.613,-6.342,3.497,"S","J"],[156.004,32.442,-203.154,0.996,0,0.088,0,1,0,-0.088,0,0.996,15.887,-10.086,1.456,"S","J"],[156.257,32.25,-203.153,0.927,0,0.375,0,1,0,-0.375,0,0.927,15.763,-13.223,-0.825,"S","J"],[156.508,32.002,-203.19,0.777,0,0.63,0,1,0,-0.63,0,0.777,15.186,-16.411,-3.072,"S","J"],[156.708,31.749,-203.249,0.64,0,0.769,0,1,0,-0.769,0,0.64,14.1,-19.126,-4.647,"S","J"],[156.916,31.411,-203.336,0.635,0,0.772,0,1,0,-0.772,0,0.635,12.247,-22.268,-5.992,"S","J"],[157.104,30.997,-203.453,0.628,0,0.778,0,1,0,-0.778,0,0.628,10.266,-25.615,-7.417,"S","J"],[157.249,30.559,-203.584,0.613,0,0.79,0,1,0,-0.79,0,0.613,8.414,-28.729,-8.729,"S","J"],[157.369,30.043,-203.745,0.593,0,0.805,0,1,0,-0.805,0,0.593,6.439,-32.02,-10.09,"S","J"],[157.457,29.454,-203.933,0.576,0,0.818,0,1,0,-0.818,0,0.576,4.376,-35.399,-11.435,"S","J"],[157.51,28.824,-204.139,0.56,0,0.829,0,1,0,-0.829,0,0.56,2.319,-38.704,-12.689,"S","J"],[157.538,28.331,-204.297,0.555,0,0.832,0,1,0,-0.832,0,0.555,2.415,-37.721,-11.729,"S","J"],[157.936,28.478,-204.233,0.555,0,0.832,0,1,0,-0.832,0,0.555,41.285,30.612,15.637,12,"J"],[158.617,28.966,-203.971,0.555,0,0.832,0,1,0,-0.832,0,0.555,38.908,27.256,15.062,5,"J"],[159.271,29.406,-203.714,0.681,0,0.733,0,1,0,-0.733,0,0.681,36.556,23.825,14.333,"S","J"],[159.837,29.754,-203.502,0.936,0,0.352,0,1,0,-0.352,0,0.936,34.956,20.705,12.717,"S","J"],[160.335,30.031,-203.329,1,0,-0.031,0,1,0,0.031,0,1,33.418,17.826,11.29,"S","J"],[160.972,30.338,-203.123,0.893,0,-0.449,0,1,0,0.449,0,0.893,30.981,13.917,9.844,"S","J"],[161.477,30.541,-202.961,0.632,0,-0.775,0,1,0,0.775,0,0.632,28.585,10.563,9.449,"S","J"],[161.9,30.675,-202.81,0.593,0,-0.805,0,1,0,0.805,0,0.593,26.39,7.505,9.817,"S","J"],[162.352,30.772,-202.626,0.593,0,-0.805,0,1,0,0.805,0,0.593,23.826,3.931,10.283,"S","J"],[162.681,30.801,-202.472,0.593,0,-0.805,0,1,0,0.805,0,0.593,21.771,1.065,10.656,"S","J"],[163.024,30.786,-202.288,0.593,0,-0.805,0,1,0,0.805,0,0.593,19.396,-2.247,11.087,"S","J"],[163.316,30.716,-202.103,0.593,0,-0.805,0,1,0,0.805,0,0.593,17.101,-5.446,11.504,"S","J"],[163.558,30.605,-201.923,0.593,0,-0.805,0,1,0,0.805,0,0.593,14.948,-8.448,11.895,"S","J"],[163.796,30.413,-201.705,0.593,0,-0.805,0,1,0,0.805,0,0.593,12.432,-11.957,12.352,"S","J"],[163.99,30.165,-201.482,0.593,0,-0.805,0,1,0,0.805,0,0.593,10,-15.426,12.794,"S","J"],[164.146,29.88,-201.272,0.593,0,-0.805,0,1,0,0.805,0,0.593,9.493,-18.627,12.886,"S","J"],[164.285,29.581,-201.083,0.593,0,-0.805,0,1,0,0.805,0,0.593,9.482,-21.497,12.888,"S","J"],[164.488,29.066,-200.807,0.593,0,-0.805,0,1,0,0.805,0,0.593,9.482,-25.707,12.888,"S","J"],[164.619,28.715,-200.629,0.593,0,-0.805,0,1,0,0.805,0,0.593,8.826,-19.824,11.997,"S","J"],[164.759,28.666,-200.439,0.594,0,-0.805,0,1,0,0.805,0,0.594,7.269,-0.223,9.859,7,"J"],[164.89,28.665,-200.262,0.594,0,-0.805,0,1,0,0.805,0,0.594,7.251,-0.004,9.831,"S","J"],[165,28.665,-200.112,0.594,0,-0.805,0,1,0,0.805,0,0.594,7.251,0,9.831,8,"J"],[165.149,28.615,-199.91,0.594,0,-0.805,0,1,0,0.805,0,0.594,9.015,-6.109,12.222,7,"J"],[165.298,28.582,-199.709,0.594,0,-0.805,0,1,0,0.805,0,0.594,9.223,-0.296,12.504,8,"J"],[165.438,28.581,-199.517,0.594,0,-0.805,0,1,0,0.805,0,0.594,9.227,-0.008,12.51,"S","J"],[165.584,28.805,-199.321,0.594,0,-0.805,0,1,0,0.805,0,0.594,9.227,20.19,12.51,"S","J"],[165.76,29.146,-199.082,0.588,0,-0.809,0,1,0,0.809,0,0.588,9.238,16.437,12.498,"S","J"],[165.92,29.395,-198.862,0.509,0,-0.861,0,1,0,0.861,0,0.509,9.221,13.044,13.003,"S","J"],[166.06,29.578,-198.635,0.381,0,-0.924,0,1,0,0.924,0,0.381,7.911,9.771,13.893,"S","J"],[166.171,29.689,-198.39,0.228,0,-0.974,0,1,0,0.974,0,0.228,5.825,1.958,14.84,"S","J"],[166.239,29.615,-198.141,0.12,0,-0.993,0,1,0,0.993,0,0.12,3.332,-7.208,15.48,"S","J"],[166.274,29.462,-197.881,0.048,0,-0.999,0,1,0,0.999,0,0.048,1.615,-10.465,15.65,"S","J"],[166.289,29.261,-197.633,-0.012,0,-1,0,1,0,1,0,-0.012,0.648,-13.621,15.053,"S","J"],[166.286,28.89,-197.291,-0.084,0,-0.997,0,1,0,0.997,0,-0.084,-0.557,-18.082,15.454,"S","J"],[166.268,28.747,-197.05,-0.092,0,-0.996,0,1,0,0.996,0,-0.092,-1.339,-2.604,15.219,"S","J"],[166.244,28.852,-196.791,-0.092,0,-0.996,0,1,0,0.996,0,-0.092,-1.332,34.559,14.414,"S","J"],[166.224,29.633,-196.574,-0.092,0,-0.996,0,1,0,0.996,0,-0.092,-1.348,51.133,14.583,3,"J"],[166.199,30.473,-196.306,-0.092,0,-0.996,0,1,0,0.996,0,-0.092,-1.47,47.767,15.891,5,"J"],[166.176,31.183,-196.06,-0.092,0,-0.996,0,1,0,0.996,0,-0.092,-1.473,44.734,15.931,"S","J"],[166.148,31.979,-195.761,-0.092,0,-0.996,0,1,0,0.996,0,-0.092,-1.473,41.058,15.932,"S","J"],[166.122,32.676,-195.475,-0.092,0,-0.996,0,1,0,0.996,0,-0.092,-1.473,37.534,15.932,"S","J"],[166.099,33.226,-195.23,-0.092,0,-0.996,0,1,0,0.996,0,-0.092,-1.473,34.505,15.932,"S","J"],[166.074,33.786,-194.955,-0.092,0,-0.996,0,1,0,0.996,0,-0.092,-1.467,31.121,15.933,"S","J"],[166.05,34.257,-194.698,-0.092,0,-0.996,0,1,0,0.996,0,-0.092,-1.465,27.953,15.933,"S","J"],[166.028,34.662,-194.449,-0.092,0,-0.996,0,1,0,0.996,0,-0.092,-1.465,24.896,15.933,"S","J"],[166.005,35.028,-194.195,-0.092,0,-0.996,0,1,0,0.996,0,-0.092,-1.465,21.763,15.933,"S","J"],[165.974,35.424,-193.87,-0.095,0,-0.995,0,1,0,0.995,0,-0.095,-1.469,17.755,15.933,"S","J"],[165.954,35.638,-193.656,-0.095,0,-0.995,0,1,0,0.995,0,-0.095,-1.515,15.128,15.928,"S","J"],[165.929,35.853,-193.395,-0.11,0,-0.994,0,1,0,0.994,0,-0.11,-1.526,11.91,15.927,"S","J"],[165.902,36.014,-193.137,-0.192,0,-0.981,0,1,0,0.981,0,-0.192,-1.899,8.733,15.886,"S","J"],[165.85,36.132,-192.849,-0.324,0,-0.946,0,1,0,0.946,0,-0.324,-3.408,5.135,15.625,"S","J"],[165.771,36.185,-192.593,-0.481,0,-0.877,0,1,0,0.877,0,-0.481,-5.455,1.849,15.024,"S","J"],[165.657,36.181,-192.353,-0.585,0,-0.811,0,1,0,0.811,0,-0.585,-7.619,-1.427,14.028,"S","J"],[165.493,36.115,-192.108,-0.609,0,-0.793,0,1,0,0.793,0,-0.609,-9.598,-5.044,12.788,"S","J"],[165.339,36.004,-191.908,-0.609,0,-0.793,0,1,0,0.793,0,-0.609,-9.743,-8.145,12.692,"S","J"],[165.161,35.814,-191.676,-0.609,0,-0.793,0,1,0,0.793,0,-0.609,-9.746,-11.726,12.689,"S","J"],[165.021,35.618,-191.492,-0.609,0,-0.793,0,1,0,0.793,0,-0.609,-9.746,-14.568,12.689,"S","J"],[164.849,35.325,-191.269,-0.609,0,-0.793,0,1,0,0.793,0,-0.609,-9.746,-18.02,12.689,"S","J"],[164.684,34.987,-191.055,-0.609,0,-0.793,0,1,0,0.793,0,-0.609,-9.746,-21.332,12.689,"S","J"],[164.497,34.531,-190.81,-0.609,0,-0.793,0,1,0,0.793,0,-0.609,-9.746,-25.103,12.689,"S","J"],[164.349,34.315,-190.618,-0.609,0,-0.793,0,1,0,0.793,0,-0.609,-9.228,-3.057,12.014,"S","J"],[164.202,34.308,-190.426,-0.609,0,-0.793,0,1,0,0.793,0,-0.609,-9.326,-0.067,12.14,7,"J"],[164.047,34.308,-190.225,-0.609,0,-0.793,0,1,0,0.793,0,-0.609,-9.328,-0.001,12.144,"S","J"],[163.894,34.266,-190.027,-0.609,0,-0.793,0,1,0,0.793,0,-0.609,-9.545,-5.3,12.426,8,"J"],[163.725,34.124,-189.806,-0.609,0,-0.793,0,1,0,0.793,0,-0.609,-9.617,-9.514,12.52,"S","J"],[163.58,33.952,-189.617,-0.609,0,-0.793,0,1,0,0.793,0,-0.609,-9.648,-12.468,12.561,"S","J"],[163.422,33.715,-189.412,-0.609,0,-0.793,0,1,0,0.793,0,-0.609,-9.658,-15.673,12.574,"S","J"],[163.262,33.419,-189.202,-0.609,0,-0.793,0,1,0,0.793,0,-0.609,-9.691,-18.94,12.616,"S","J"],[163.082,33.185,-188.968,-0.609,0,-0.793,0,1,0,0.793,0,-0.609,-9.716,-2.495,12.648,"S","J"],[162.935,33.198,-188.778,-0.609,0,-0.793,0,1,0,0.793,0,-0.609,-9.716,1.797,12.649,"S","J"],[162.759,33.237,-188.548,-0.609,0,-0.793,0,1,0,0.793,0,-0.609,-9.716,2.058,12.649,"S","J"],[162.609,33.265,-188.352,-0.609,0,-0.793,0,1,0,0.793,0,-0.609,-9.742,1.652,12.683,"S","J"],[162.437,33.286,-188.129,-0.609,0,-0.793,0,1,0,0.793,0,-0.609,-9.746,0.973,12.689,"S","J"],[162.282,33.298,-187.928,-0.609,0,-0.793,0,1,0,0.793,0,-0.609,-9.746,0.505,12.688,"S","J"],[162.121,33.302,-187.718,-0.609,0,-0.793,0,1,0,0.793,0,-0.609,-9.744,0.16,12.686,"S","J"],[161.939,33.299,-187.481,-0.609,0,-0.793,0,1,0,0.793,0,-0.609,-9.744,-0.326,12.686,"S","J"],[161.804,33.294,-187.304,-0.609,0,-0.793,0,1,0,0.793,0,-0.609,-9.744,-0.35,12.686,"S","J"],[161.621,33.287,-187.066,-0.609,0,-0.793,0,1,0,0.793,0,-0.609,-9.744,-0.352,12.686,"S","J"],[161.465,33.281,-186.863,-0.609,0,-0.793,0,1,0,0.793,0,-0.609,-9.744,-0.351,12.686,"S","J"],[161.295,33.275,-186.642,-0.609,0,-0.793,0,1,0,0.793,0,-0.609,"v","S","J"],[161.142,33.27,-186.443,-0.609,0,-0.793,0,1,0,0.793,0,-0.609,"v","S","J"],[160.963,33.263,-186.21,-0.609,0,-0.793,0,1,0,0.793,0,-0.609,"v","S","J"],[160.821,33.258,-186.025,-0.609,0,-0.793,0,1,0,0.793,0,-0.609,"v","S","J"],[160.634,33.252,-185.781,-0.609,0,-0.793,0,1,0,0.793,0,-0.609,"v","S","J"],[160.479,33.246,-185.579,-0.609,0,-0.793,0,1,0,0.793,0,-0.609,"v","S","J"],[160.313,33.24,-185.363,-0.609,0,-0.793,0,1,0,0.793,0,-0.609,"v","S","J"],[160.174,33.235,-185.183,-0.609,0,-0.793,0,1,0,0.793,0,-0.609,"v","S","J"],[159.979,33.228,-184.929,-0.609,0,-0.793,0,1,0,0.793,0,-0.609,"v","S","J"],[159.83,33.222,-184.735,-0.609,0,-0.793,0,1,0,0.793,0,-0.609,"v","S","J"],[159.671,33.217,-184.527,-0.609,0,-0.793,0,1,0,0.793,0,-0.609,"v","S","J"],[159.519,33.21,-184.331,-0.609,0,-0.793,0,1,0,0.793,0,-0.609,-9.741,-0.533,12.681,"S","J"],[159.347,33.199,-184.105,-0.609,0,-0.793,0,1,0,0.793,0,-0.609,-9.739,-0.623,12.679,"S","J"],[159.202,33.19,-183.917,-0.609,0,-0.793,0,1,0,0.793,0,-0.609,-9.739,-0.625,12.679,"S","J"],[159.024,33.179,-183.685,-0.609,0,-0.793,0,1,0,0.793,0,-0.609,"v","S","J"],[158.877,33.169,-183.494,-0.609,0,-0.793,0,1,0,0.793,0,-0.609,-9.734,-0.791,12.673,"S","J"],[158.671,33.344,-183.226,-0.61,0,-0.792,0,1,0,0.792,0,-0.61,-9.74,22.477,12.657,"S","J"],[158.546,34.007,-183.065,-0.61,0,-0.792,0,1,0,0.792,0,-0.61,-9.751,51.434,12.669,3,"J"],[158.349,35,-182.808,-0.61,0,-0.792,0,1,0,0.792,0,-0.61,-9.76,47.458,12.679,5,"J"],[158.214,35.629,-182.633,-0.61,0,-0.792,0,1,0,0.792,0,-0.61,-9.76,44.752,12.679,"S","J"],[158.041,36.388,-182.408,-0.61,0,-0.792,0,1,0,0.792,0,-0.61,-9.76,41.264,12.679,"S","J"],[157.884,37.021,-182.203,-0.61,0,-0.792,0,1,0,0.792,0,-0.61,-9.76,38.098,12.679,"S","J"],[157.741,37.55,-182.018,-0.61,0,-0.792,0,1,0,0.792,0,-0.61,-9.76,35.239,12.679,"S","J"],[157.56,38.161,-181.784,-0.61,0,-0.792,0,1,0,0.792,0,-0.61,-9.76,31.599,12.679,"S","J"],[157.393,38.667,-181.566,-0.61,0,-0.792,0,1,0,0.792,0,-0.61,-9.76,28.244,12.679,"S","J"],[157.251,39.052,-181.382,-0.61,0,-0.792,0,1,0,0.792,0,-0.61,-9.76,25.384,12.679,"S","J"],[157.089,39.441,-181.171,-0.61,0,-0.792,0,1,0,0.792,0,-0.61,-9.76,22.117,12.679,"S","J"],[156.909,39.805,-180.939,-0.627,0,-0.779,0,1,0,0.779,0,-0.627,-9.853,18.51,12.606,"S","J"],[156.733,40.095,-180.719,-0.644,0,-0.765,0,1,0,0.765,0,-0.644,-10.069,15.059,12.434,"S","J"],[156.577,40.296,-180.531,-0.667,0,-0.745,0,1,0,0.745,0,-0.667,-10.362,12.063,12.192,"S","J"],[156.409,40.455,-180.342,-0.693,0,-0.721,0,1,0,0.721,0,-0.693,-10.725,8.973,11.872,"S","J"],[156.201,40.58,-180.123,-0.721,0,-0.693,0,1,0,0.693,0,-0.721,-11.174,5.264,11.45,"S","J"],[156.017,40.633,-179.943,-0.75,0,-0.662,0,1,0,0.662,0,-0.75,-11.63,2.101,10.986,"S","J"],[155.815,40.635,-179.762,-0.773,0,-0.634,0,1,0,0.634,0,-0.773,-12.048,-1.215,10.527,"S","J"],[155.623,40.586,-179.603,-0.805,0,-0.594,0,1,0,0.594,0,-0.805,-12.464,-4.275,10.031,"S","J"],[155.418,40.486,-179.449,-0.83,0,-0.558,0,1,0,0.558,0,-0.83,-12.889,-7.423,9.479,"S","J"],[155.204,40.33,-179.301,-0.851,0,-0.526,0,1,0,0.526,0,-0.851,-13.293,-10.617,8.902,"S","J"],[154.953,40.094,-179.143,-0.863,0,-0.505,0,1,0,0.505,0,-0.863,-13.654,-14.244,8.339,"S","J"],[154.731,39.833,-179.013,-0.87,0,-0.493,0,1,0,0.493,0,-0.87,-13.859,-17.404,7.995,"S","J"],[154.508,39.523,-178.886,-0.872,0,-0.49,0,1,0,0.49,0,-0.872,-13.937,-20.546,7.858,"S","J"],[154.218,39.043,-178.723,-0.872,0,-0.49,0,1,0,0.49,0,-0.872,-13.949,-24.637,7.837,"S","J"],[154.041,38.709,-178.624,-0.872,0,-0.49,0,1,0,0.49,0,-0.872,-13.949,-27.117,7.837,"S","J"],[153.798,38.201,-178.487,-0.872,0,-0.49,0,1,0,0.49,0,-0.872,-13.949,-30.535,7.837,"S","J"],[153.591,37.721,-178.371,-0.872,0,-0.49,0,1,0,0.49,0,-0.872,-13.949,-33.444,7.837,"S","J"],[153.305,36.983,-178.21,-0.872,0,-0.49,0,1,0,0.49,0,-0.872,-13.949,-37.479,7.837,"S","J"],[153.095,36.393,-178.092,-0.872,0,-0.49,0,1,0,0.49,0,-0.872,-13.949,-40.421,7.837,"S","J"],[152.882,35.745,-177.973,-0.872,0,-0.49,0,1,0,0.49,0,-0.872,-13.949,-43.426,7.837,"S","J"],[152.636,34.997,-177.834,-0.87,0,-0.492,0,1,0,0.492,0,-0.87,-13.943,-32.987,7.848,7,"J"],[152.412,34.828,-177.707,-0.868,0,-0.496,0,1,0,0.496,0,-0.868,-13.911,0.129,7.905,"S","J"],[152.176,34.886,-177.573,-0.867,0,-0.499,0,1,0,0.499,0,-0.867,-13.889,3.771,7.942,8,"J"],[151.976,34.93,-177.458,-0.865,0,-0.502,0,1,0,0.502,0,-0.865,-13.867,2.666,7.983,"S","J"],[151.743,34.963,-177.322,-0.864,0,-0.504,0,1,0,0.504,0,-0.864,-13.84,1.529,8.029,"S","J"],[151.496,34.981,-177.179,-0.863,0,-0.505,0,1,0,0.505,0,-0.863,-13.819,0.818,8.065,"S","J"],[151.246,34.991,-177.033,-0.862,0,-0.508,0,1,0,0.508,0,-0.862,-13.813,0.421,8.075,"S","J"],[151.036,34.996,-176.91,-0.86,0,-0.51,0,1,0,0.51,0,-0.86,-13.788,0.243,8.117,"S","J"],[150.814,34.999,-176.778,-0.857,0,-0.516,0,1,0,0.516,0,-0.857,-13.747,0.135,8.186,"S","J"],[150.527,35.001,-176.605,-0.853,0,-0.522,0,1,0,0.522,0,-0.853,-13.685,0.062,8.289,"S","J"],[150.364,35.001,-176.506,-0.851,0,-0.525,0,1,0,0.525,0,-0.851,-13.647,0.041,8.352,"S","J"],[150.098,35.002,-176.341,-0.85,0,-0.527,0,1,0,0.527,0,-0.85,-13.6,0.02,8.428,"S","J"],[149.879,35.002,-176.205,-0.85,0,-0.527,0,1,0,0.527,0,-0.85,-13.597,0.011,8.433,"S","J"],[149.682,35.002,-176.084,-0.849,0,-0.529,0,1,0,0.529,0,-0.849,-13.597,0.006,8.434,"S","J"],[149.397,35.002,-175.906,-0.846,0,-0.533,0,1,0,0.533,0,-0.846,-13.558,0.003,8.495,"S","J"],[149.188,35.002,-175.774,-0.845,0,-0.535,0,1,0,0.535,0,-0.845,-13.537,0.002,8.53,"S","J"],[149.003,35.002,-175.657,-0.845,0,-0.535,0,1,0,0.535,0,-0.845,-13.514,0.001,8.565,"S","J"],[148.771,35.002,-175.51,-0.845,0,-0.535,0,1,0,0.535,0,-0.845,-13.514,0.001,8.566,"S","J"],[148.564,35.002,-175.379,-0.844,0,-0.536,0,1,0,0.536,0,-0.844,-13.514,0,8.566,"S","J"],[148.306,35.007,-175.215,-0.843,0,-0.538,0,1,0,0.538,0,-0.843,-13.489,0.649,8.604,"S","J"],[148.114,35.01,-175.092,-0.843,0,-0.538,0,1,0,0.538,0,-0.843,-13.486,0.228,8.61,"S","J"],[147.84,35.014,-174.918,-0.843,0,-0.538,0,1,0,0.538,0,-0.843,-13.485,0.033,8.611,"S","J"],[147.66,35.016,-174.802,-0.843,0,-0.538,0,1,0,0.538,0,-0.843,-13.485,0.384,8.611,"S","J"],[147.463,35.012,-174.676,-0.605,0,-0.796,0,1,0,0.796,0,-0.605,-6.414,-0.232,4.095,"S","J"],[147.429,35.016,-174.654,0.082,0,-0.997,0,1,0,0.997,0,0.082,-0.201,-0.279,0.128,"S","J"],[147.438,34.957,-174.658,0.402,0,-0.915,0,1,0,0.915,0,0.402,1.195,-4.502,-0.556,"S","J"],[147.499,34.801,-174.685,0.412,0,-0.911,0,1,0,0.911,0,0.412,3.513,-8.828,-1.58,5,"J"],[147.53,34.66,-174.699,0.412,0,-0.911,0,1,0,0.911,0,0.412,1.776,-11.442,-0.799,"S","J"],[147.541,34.404,-174.704,0.438,0,-0.899,0,1,0,0.899,0,0.438,0.064,-15.137,-0.029,"S","J"],[147.541,34.209,-174.704,0.556,0,-0.831,0,1,0,0.831,0,0.556,0.004,-17.428,-0.002,"S","J"],[147.531,33.953,-174.698,0.556,0,-0.831,0,1,0,0.831,0,0.556,-0.87,-11.372,0.584,"S","J"],[146.881,34.483,-174.263,0.556,0,-0.831,0,1,0,0.831,0,0.556,-35.603,28.311,23.845,3,"J"],[146.238,34.973,-173.832,0.556,0,-0.831,0,1,0,0.831,0,0.556,-33.371,24.626,22.35,5,"J"],[145.729,35.332,-173.491,0.556,0,-0.831,0,1,0,0.831,0,0.556,-31.492,21.522,21.092,"S","J"],[145.236,35.649,-173.16,0.556,0,-0.831,0,1,0,0.831,0,0.556,-29.556,18.324,19.794,"S","J"],[144.826,35.887,-172.887,0.556,0,-0.831,0,1,0,0.831,0,0.556,-27.849,15.507,18.652,"S","J"],[144.317,36.141,-172.545,0.556,0,-0.831,0,1,0,0.831,0,0.556,-25.559,11.725,17.118,"S","J"],[143.92,36.299,-172.28,0.556,0,-0.831,0,1,0,0.831,0,0.556,-23.626,8.533,15.824,"S","J"],[143.577,36.401,-172.05,0.513,0,-0.858,0,1,0,0.858,0,0.513,-21.793,5.538,14.67,"S","J"],[143.221,36.46,-171.792,0.109,0,-0.994,0,1,0,0.994,0,0.109,-19.272,2.078,14.66,"S","J"],[142.948,36.463,-171.566,-0.221,0,-0.975,0,1,0,0.975,0,-0.221,-17.091,-0.919,14.779,"S","J"],[142.665,36.407,-171.296,-0.563,0,-0.826,0,1,0,0.826,0,-0.563,-14.49,-4.493,14.913,"S","J"],[142.449,36.299,-171.056,-0.785,0,-0.619,0,1,0,0.619,0,-0.785,-12.377,-7.729,14.132,"S","J"],[142.229,36.118,-170.824,-0.948,0,-0.32,0,1,0,0.32,0,-0.948,-12.335,-11.299,11.737,"S","J"],[141.998,35.88,-170.642,-0.998,0,-0.059,0,1,0,0.059,0,-0.998,-13.308,-14.788,9.388,"S","J"],[141.799,35.637,-170.523,-0.999,0,0.041,0,1,0,-0.041,0,-0.999,-13.939,-17.644,7.405,"S","J"],[141.576,35.33,-170.427,-0.998,0,0.066,0,1,0,-0.066,0,-0.998,-14.305,-20.718,5.537,"S","J"],[141.359,34.954,-170.32,-0.999,0,0.055,0,1,0,-0.055,0,-0.999,-12.445,-23.961,6.996,"S","J"],[141.148,34.461,-170.17,-0.999,0,0.048,0,1,0,-0.048,0,-0.999,-10.317,-27.657,8.649,"S","J"],[141.006,34.004,-170.023,-0.999,0,0.045,0,1,0,-0.045,0,-0.999,-8.566,-30.686,9.993,"S","J"],[140.896,33.526,-169.864,-0.999,0,0.042,0,1,0,-0.042,0,-0.999,-6.894,-33.574,11.271,"S","J"],[140.795,32.883,-169.644,-0.999,0,0.036,0,1,0,-0.036,0,-0.999,-4.849,-37.09,12.815,"S","J"],[140.731,32.19,-169.401,-0.999,0,0.032,0,1,0,-0.032,0,-0.999,-2.817,-40.565,14.326,"S","J"],[140.704,31.414,-169.125,-1,0,0.026,0,1,0,-0.026,0,-1,-0.884,-44.121,15.709,"S","J"],[140.696,30.704,-168.879,-1,0,0.026,0,1,0,-0.026,0,-1,-0.43,-47.148,15.987,"S","J"],[140.691,30.036,-168.66,-1,0,0.026,0,1,0,-0.026,0,-1,-0.414,-49.829,15.994,"S","J"],[140.684,29.802,-168.41,-1,0,0.026,0,1,0,-0.026,0,-1,-0.368,6.993,14.264,"S","J"],[140.68,29.869,-168.277,-0.913,0,-0.407,0,1,0,0.407,0,-0.913,-0.085,0.637,3.296,12,"J"],[140.577,29.966,-168.31,-0.507,0,-0.862,0,1,0,0.862,0,-0.507,-12.78,11.428,-4.91,"S","J"],[139.85,30.709,-168.678,-0.507,0,-0.862,0,1,0,0.862,0,-0.507,-35.17,35.042,-17.366,3,"J"],[139.371,31.174,-168.907,-0.507,0,-0.862,0,1,0,0.862,0,-0.507,-33.817,32.301,-15.897,5,"J"],[138.831,31.671,-169.15,-0.507,0,-0.862,0,1,0,0.862,0,-0.507,-32.225,29.073,-14.165,"S","J"],[138.369,32.073,-169.345,-0.507,0,-0.862,0,1,0,0.862,0,-0.507,-30.796,26.178,-12.613,"S","J"],[137.743,32.574,-169.584,-0.507,0,-0.862,0,1,0,0.862,0,-0.507,-28.746,22.026,-10.385,"S","J"],[137.332,32.873,-169.723,-0.507,0,-0.862,0,1,0,0.862,0,-0.507,-27.317,19.13,-8.832,"S","J"],[136.86,33.177,-169.86,-0.507,0,-0.862,0,1,0,0.862,0,-0.507,-25.572,15.595,-6.937,"S","J"],[136.429,33.414,-169.962,-0.551,0,-0.834,0,1,0,0.834,0,-0.551,-23.882,12.149,-5.079,"S","J"],[136.046,33.582,-170.027,-0.941,0,-0.339,0,1,0,0.339,0,-0.941,-22.408,8.885,-3.214,"S","J"],[135.611,33.716,-170.071,-0.993,0,0.12,0,1,0,-0.12,0,-0.993,-20.007,4.831,-1.753,"S","J"],[135.268,33.765,-170.105,-0.993,0,0.119,0,1,0,-0.119,0,-0.993,-17.347,1.178,-1.855,"S","J"],[135.027,33.755,-170.133,-0.993,0,0.119,0,1,0,-0.119,0,-0.993,-15.967,-1.729,-1.907,"S","J"],[134.762,33.692,-170.165,-0.993,0,0.119,0,1,0,-0.119,0,-0.993,-15.887,-4.999,-1.91,"S","J"],[134.497,33.574,-170.197,-0.993,0,0.119,0,1,0,-0.119,0,-0.993,-15.886,-8.269,-1.911,"S","J"],[134.228,33.399,-170.229,-0.993,0,0.119,0,1,0,-0.119,0,-0.993,-15.886,-11.594,-1.911,"S","J"],[133.977,33.184,-170.26,-0.993,0,0.119,0,1,0,-0.119,0,-0.993,-15.886,-14.707,-1.911,"S","J"],[133.707,32.955,-170.292,-0.993,0,0.121,0,1,0,-0.121,0,-0.993,-15.886,-4.732,-1.911,"S","J"],[133.475,33.452,-170.32,-0.989,0,0.148,0,1,0,-0.148,0,-0.989,-15.882,41.807,-1.939,7,"J"],[133.156,34.157,-170.365,-0.981,0,0.195,0,1,0,-0.195,0,-0.981,-15.808,28.469,-2.468,"S","J"],[132.906,34.489,-170.413,-0.956,0,0.294,0,1,0,-0.294,0,-0.956,-15.66,16.873,-3.27,8,"J"],[132.68,34.67,-170.478,-0.917,0,0.399,0,1,0,-0.399,0,-0.917,-15.237,9.983,-4.864,"S","J"],[132.431,34.786,-170.579,-0.867,0,0.498,0,1,0,-0.498,0,-0.867,-14.514,5.482,-6.712,"S","J"],[132.177,34.854,-170.721,-0.817,0,0.576,0,1,0,-0.576,0,-0.817,-13.672,2.877,-8.295,"S","J"],[131.975,34.886,-170.858,-0.803,0,0.597,0,1,0,-0.597,0,-0.803,-13.043,1.653,-9.262,"S","J"],[131.715,34.908,-171.05,-0.801,0,0.599,0,1,0,-0.599,0,-0.801,-12.836,0.806,-9.552,"S","J"],[131.51,34.917,-171.202,-0.801,0,0.599,0,1,0,-0.599,0,-0.801,-12.815,0.449,-9.581,"S","J"],[131.313,34.922,-171.35,-0.801,0,0.599,0,1,0,-0.599,0,-0.801,-12.814,0.277,-9.581,"S","J"],[131.107,34.925,-171.504,-0.801,0,0.599,0,1,0,-0.599,0,-0.801,-12.814,0.158,-9.581,"S","J"],[130.89,34.927,-171.666,-0.801,0,0.599,0,1,0,-0.599,0,-0.801,-12.814,0.087,-9.581,"S","J"],[130.659,34.927,-171.839,-0.801,0,0.599,0,1,0,-0.599,0,-0.801,-12.814,0.038,-9.582,"S","J"],[130.438,34.928,-172.004,-0.801,0,0.599,0,1,0,-0.599,0,-0.801,-12.814,0.012,-9.582,"S","J"],[130.212,34.928,-172.173,-0.801,0,0.599,0,1,0,-0.599,0,-0.801,-12.814,0.003,-9.582,"S","J"],[130.001,34.928,-172.331,-0.801,0,0.599,0,1,0,-0.599,0,-0.801,-12.814,0,-9.582,"S","J"],[129.787,34.928,-172.49,-0.801,0,0.599,0,1,0,-0.599,0,-0.801,"v","S","J"],[129.596,34.922,-172.633,-0.801,0,0.599,0,1,0,-0.599,0,-0.801,-12.814,-0.287,-9.582,"S","J"],[129.383,34.914,-172.793,-0.801,0,0.599,0,1,0,-0.599,0,-0.801,-12.814,-0.943,-9.582,"S","J"],[129.134,34.896,-172.979,-0.801,0,0.599,0,1,0,-0.599,0,-0.801,-12.814,0.286,-9.582,"S","J"],[128.951,34.904,-173.115,-0.801,0,0.599,0,1,0,-0.599,0,-0.801,-12.814,0.628,-9.582,"S","J"],[128.739,34.905,-173.275,-0.801,0,0.599,0,1,0,-0.599,0,-0.801,-12.814,-0.887,-9.582,"S","J"],[128.485,34.84,-173.465,-0.801,0,0.599,0,1,0,-0.599,0,-0.801,-12.814,-4.774,-9.582,"S","J"],[128.284,34.735,-173.614,-0.801,0,0.599,0,1,0,-0.599,0,-0.801,-12.814,-7.849,-9.582,"S","J"],[128.072,34.571,-173.773,-0.805,0,0.593,0,1,0,-0.593,0,-0.805,-12.7,-11.107,-9.497,"S","J"],[127.854,35.083,-173.934,-0.853,0,0.521,0,1,0,-0.521,0,-0.853,-12.201,55.71,-8.836,"S","J"],[127.636,35.963,-174.073,-0.87,0,0.494,0,1,0,-0.494,0,-0.87,-13.668,52.49,-8.242,5,"J"],[127.383,36.881,-174.219,-0.87,0,0.492,0,1,0,-0.492,0,-0.87,-13.916,48.906,-7.894,"S","J"],[127.166,37.612,-174.341,-0.87,0,0.492,0,1,0,-0.492,0,-0.87,-13.927,45.854,-7.876,"S","J"],[126.94,38.325,-174.47,-0.87,0,0.492,0,1,0,-0.492,0,-0.87,-13.927,42.663,-7.876,"S","J"],[126.728,38.946,-174.589,-0.87,0,0.492,0,1,0,-0.492,0,-0.87,-13.927,39.672,-7.876,"S","J"],[126.475,39.626,-174.732,-0.87,0,0.492,0,1,0,-0.492,0,-0.87,-13.927,36.121,-7.876,"S","J"],[126.222,40.242,-174.874,-0.87,0,0.492,0,1,0,-0.492,0,-0.87,-13.927,32.561,-7.876,"S","J"],[125.978,40.775,-175.011,-0.913,0,0.409,0,1,0,-0.409,0,-0.913,-14.159,29.13,-7.443,"S","J"],[125.76,41.183,-175.111,-0.933,0,0.36,0,1,0,-0.36,0,-0.933,-14.628,26.193,-6.474,"S","J"],[125.513,41.583,-175.209,-0.944,0,0.331,0,1,0,-0.331,0,-0.944,-14.944,22.932,-5.712,"S","J"],[125.243,41.958,-175.307,-0.951,0,0.308,0,1,0,-0.308,0,-0.951,-15.129,19.401,-5.208,"S","J"],[125.002,42.234,-175.385,-0.958,0,0.287,0,1,0,-0.287,0,-0.958,-15.236,16.299,-4.885,"S","J"],[124.76,42.459,-175.459,-0.966,0,0.26,0,1,0,-0.26,0,-0.966,-15.339,13.2,-4.548,"S","J"],[124.479,42.659,-175.536,-0.975,0,0.22,0,1,0,-0.22,0,-0.975,-15.481,9.629,-4.038,"S","J"],[124.209,42.79,-175.598,-0.986,0,0.166,0,1,0,-0.166,0,-0.986,-15.644,6.226,-3.352,"S","J"],[123.971,42.855,-175.641,-0.994,0,0.106,0,1,0,-0.106,0,-0.994,-15.801,3.255,-2.503,"S","J"],[123.777,42.876,-175.663,-0.999,0,0.04,0,1,0,-0.04,0,-0.999,-15.932,0.854,-1.396,"S","J"],[123.533,42.86,-175.666,-0.991,0,-0.133,0,1,0,0.133,0,-0.991,-15.977,-2.148,0.5,"S","J"],[123.217,42.77,-175.62,-0.944,0,-0.331,0,1,0,0.331,0,-0.944,-15.591,-6.081,3.337,"S","J"],[123.035,42.678,-175.567,-0.868,0,-0.496,0,1,0,0.496,0,-0.868,-15.088,-8.424,4.966,"S","J"],[122.811,42.518,-175.471,-0.819,0,-0.573,0,1,0,0.573,0,-0.819,-14.19,-11.447,6.978,"S","J"],[122.572,42.265,-175.324,-0.799,0,-0.601,0,1,0,0.601,0,-0.799,-12.148,-15.058,8.608,"S","J"],[122.347,41.901,-175.123,-0.752,0,-0.659,0,1,0,0.659,0,-0.752,-9.712,-19.15,10.328,"S","J"],[122.233,41.622,-174.978,-0.709,0,-0.705,0,1,0,0.705,0,-0.709,-7.981,-21.762,10.946,"S","J"],[122.113,41.219,-174.792,-0.596,0,-0.803,0,1,0,0.803,0,-0.596,-7.202,-25.071,11.155,"S","J"],[122.008,40.841,-174.625,-0.536,0,-0.844,0,1,0,0.844,0,-0.536,-6.911,-27.844,12.071,"S","J"],[121.786,40.508,-174.466,-0.521,0,-0.854,0,1,0,0.854,0,-0.521,-27.355,10.2,-2.732,"S","J"],[121.046,41.009,-174.699,-0.521,0,-0.854,0,1,0,0.854,0,-0.521,-44.646,29.61,-14.125,3,"J"],[120.395,41.427,-174.907,-0.521,0,-0.854,0,1,0,0.854,0,-0.521,-42.53,26.657,-13.7