[[164.349,-8.326,-234.411,-0.896,0,0.444,0,1,0,-0.444,0,-0.896,-14.282,0,-7.085,8,0],[164.224,-8.326,-234.473,-0.898,0,0.441,0,1,0,-0.441,0,-0.898,-14.327,0,-7.107,"S","J"],[164.153,-8.326,-234.508,-0.899,0,0.438,0,1,0,-0.438,0,-0.899,-14.338,0,-7.096,"S","J"],[164.093,-8.326,-234.537,-0.9,0,0.435,0,1,0,-0.435,0,-0.9,-14.353,0,-7.068,"S","J"],[164.002,-8.326,-234.582,-0.901,0,0.433,0,1,0,-0.433,0,-0.901,-14.375,0,-7.026,"S","J"],[163.921,-8.326,-234.622,-0.903,0,0.429,0,1,0,-0.429,0,-0.903,-14.397,0,-6.98,"S","J"],[163.82,-8.326,-234.67,-0.904,0,0.427,0,1,0,-0.427,0,-0.904,-14.42,0,-6.932,"S","J"],[163.709,-8.326,-234.723,-0.906,0,0.424,0,1,0,-0.424,0,-0.906,-14.449,0,-6.871,"S","J"],[163.612,-8.326,-234.769,-0.906,0,0.423,0,1,0,-0.423,0,-0.906,-14.473,0,-6.821,"S","J"],[163.533,-8.326,-234.806,-0.907,0,0.421,0,1,0,-0.421,0,-0.907,-14.485,0,-6.795,"S","J"],[163.447,-8.326,-234.846,-0.907,0,0.421,0,1,0,-0.421,0,-0.907,-14.494,0,-6.777,"S","J"],[163.401,-8.326,-234.867,-0.907,0,0.421,0,1,0,-0.421,0,-0.907,-14.505,0,-6.754,"S","J"],[163.287,-8.326,-234.92,-0.908,0,0.418,0,1,0,-0.418,0,-0.908,-14.512,0,-6.737,"S","J"],[163.231,-8.326,-234.946,-0.909,0,0.418,0,1,0,-0.418,0,-0.909,-14.514,0,-6.734,"S","J"],[163.16,-8.326,-234.979,-0.909,0,0.418,0,1,0,-0.418,0,-0.909,-14.527,0,-6.706,"S","J"],[163.026,-8.326,-235.041,-0.91,0,0.415,0,1,0,-0.415,0,-0.91,-14.535,0,-6.688,"S","J"],[162.922,-8.326,-235.088,-0.91,0,0.415,0,1,0,-0.415,0,-0.91,-14.536,0,-6.686,"S","J"],[162.859,-8.326,-235.117,-0.91,0,0.415,0,1,0,-0.415,0,-0.91,-14.549,0,-6.659,"S","J"],[162.797,-8.326,-235.146,-0.91,0,0.415,0,1,0,-0.415,0,-0.91,-14.555,0,-6.646,"S","J"],[162.627,-8.326,-235.223,-0.91,0,0.414,0,1,0,-0.414,0,-0.91,-14.558,0,-6.639,"S","J"],[162.501,-8.326,-235.28,-0.912,0,0.411,0,1,0,-0.411,0,-0.912,-14.566,0,-6.621,"S","J"],[162.388,-8.326,-235.331,-0.913,0,0.409,0,1,0,-0.409,0,-0.913,-14.578,0,-6.595,"S","J"],[162.293,-8.326,-235.374,-0.913,0,0.408,0,1,0,-0.408,0,-0.913,-14.582,0,-6.584,"S","J"],[162.21,-8.326,-235.412,-0.914,0,0.405,0,1,0,-0.405,0,-0.914,-14.595,0,-6.556,"S","J"],[162.112,-8.326,-235.456,-0.915,0,0.402,0,1,0,-0.402,0,-0.915,-14.603,0,-6.538,"S","J"],[162.046,-8.326,-235.485,-0.917,0,0.399,0,1,0,-0.399,0,-0.917,-14.619,0,-6.502,"S","J"],[161.982,-8.326,-235.513,-0.918,0,0.396,0,1,0,-0.396,0,-0.918,-14.637,0,-6.462,"S","J"],[161.855,-8.326,-235.569,-0.92,0,0.391,0,1,0,-0.391,0,-0.92,-14.667,0,-6.394,"S","J"],[161.789,-8.326,-235.597,-0.922,0,0.387,0,1,0,-0.387,0,-0.922,-14.683,0,-6.358,"S","J"],[161.682,-8.326,-235.643,-0.924,0,0.384,0,1,0,-0.384,0,-0.924,-14.709,0,-6.297,"S","J"],[161.607,-8.326,-235.675,-0.926,0,0.378,0,1,0,-0.378,0,-0.926,-14.737,0,-6.229,"S","J"],[161.501,-8.326,-235.72,-0.927,0,0.374,0,1,0,-0.374,0,-0.927,-14.767,0,-6.158,"S","J"],[161.444,-8.326,-235.743,-0.93,0,0.367,0,1,0,-0.367,0,-0.93,-14.792,0,-6.099,"S","J"],[161.326,-8.326,-235.791,-0.933,0,0.361,0,1,0,-0.361,0,-0.933,-14.823,0,-6.023,"S","J"],[161.263,-8.326,-235.816,-0.935,0,0.355,0,1,0,-0.355,0,-0.935,-14.862,0,-5.924,"S","J"],[161.131,-8.326,-235.867,-0.938,0,0.347,0,1,0,-0.347,0,-0.938,-14.919,0,-5.779,"S","J"],[161.078,-8.326,-235.887,-0.94,0,0.342,0,1,0,-0.342,0,-0.94,-14.943,0,-5.717,"S","J"],[160.954,-8.326,-235.934,-0.942,0,0.336,0,1,0,-0.336,0,-0.942,-14.99,0,-5.596,"S","J"],[160.906,-8.326,-235.952,-0.944,0,0.331,0,1,0,-0.331,0,-0.944,-15.011,0,-5.538,"S","J"],[160.804,-8.326,-235.989,-0.945,0,0.326,0,1,0,-0.326,0,-0.945,-15.048,0,-5.436,"S","J"],[160.713,-8.326,-236.02,-0.948,0,0.319,0,1,0,-0.319,0,-0.948,-15.084,0,-5.337,"S","J"],[160.621,-8.326,-236.053,-0.95,0,0.314,0,1,0,-0.314,0,-0.95,-15.116,0,-5.245,"S","J"],[160.537,-8.326,-236.081,-0.953,0,0.304,0,1,0,-0.304,0,-0.953,-15.147,0,-5.155,"S","J"],[160.438,-8.326,-236.114,-0.955,0,0.295,0,1,0,-0.295,0,-0.955,-15.181,0,-5.053,"S","J"],[160.297,-8.326,-236.16,-0.96,0,0.281,0,1,0,-0.281,0,-0.96,-15.253,0,-4.832,"S","J"],[160.206,-8.326,-236.188,-0.962,0,0.275,0,1,0,-0.275,0,-0.962,-15.287,0,-4.722,"S","J"],[160.139,-8.326,-236.208,-0.964,0,0.266,0,1,0,-0.266,0,-0.964,-15.321,0,-4.61,"S","J"],[160.075,-8.326,-236.226,-0.967,0,0.253,0,1,0,-0.253,0,-0.967,-15.36,0,-4.478,"S","J"],[159.97,-7.988,-236.257,-0.97,0,0.242,0,1,0,-0.242,0,-0.97,-15.364,40.227,-4.465,"S","J"],[159.869,-7.652,-236.284,-0.974,0,0.226,0,1,0,-0.226,0,-0.974,-15.442,51.273,-4.175,3,"J"],[159.755,-7.28,-236.313,-0.977,0,0.213,0,1,0,-0.213,0,-0.977,-15.545,49.824,-3.785,5,"J"],[159.637,-6.914,-236.34,-0.978,0,0.207,0,1,0,-0.207,0,-0.978,-15.603,48.344,-3.537,"S","J"],[159.563,-6.687,-236.357,-0.98,0,0.201,0,1,0,-0.201,0,-0.98,-15.624,47.409,-3.446,"S","J"],[159.442,-6.33,-236.383,-0.981,0,0.192,0,1,0,-0.192,0,-0.981,-15.648,45.895,-3.336,"S","J"],[159.377,-6.143,-236.396,-0.983,0,0.186,0,1,0,-0.186,0,-0.983,-15.663,45.082,-3.266,"S","J"],[159.3,-5.927,-236.411,-0.985,0,0.175,0,1,0,-0.175,0,-0.985,-15.689,44.122,-3.135,"S","J"],[159.194,-5.637,-236.432,-0.986,0,0.167,0,1,0,-0.167,0,-0.986,-15.715,42.793,-3.004,"S","J"],[159.068,-5.303,-236.455,-0.987,0,0.158,0,1,0,-0.158,0,-0.987,-15.743,41.218,-2.856,"S","J"],[158.979,-5.076,-236.47,-0.989,0,0.147,0,1,0,-0.147,0,-0.989,-15.766,40.119,-2.725,"S","J"],[158.868,-4.803,-236.488,-0.991,0,0.133,0,1,0,-0.133,0,-0.991,-15.793,38.74,-2.56,"S","J"],[158.773,-4.577,-236.503,-0.992,0,0.123,0,1,0,-0.123,0,-0.992,-15.818,37.57,-2.406,"S","J"],[158.729,-4.474,-236.509,-0.993,0,0.117,0,1,0,-0.117,0,-0.993,-15.836,37.025,-2.28,"S","J"],[158.606,-4.197,-236.525,-0.995,0,0.104,0,1,0,-0.104,0,-0.995,-15.867,35.5,-2.048,"S","J"],[158.488,-3.94,-236.539,-0.996,0,0.094,0,1,0,-0.094,0,-0.996,-15.887,34.035,-1.894,"S","J"],[158.393,-3.742,-236.549,-0.996,0,0.088,0,1,0,-0.088,0,-0.996,-15.905,32.862,-1.736,"S","J"],[158.322,-3.6,-236.557,-0.997,0,0.08,0,1,0,-0.08,0,-0.997,-15.921,31.998,-1.577,"S","J"],[158.211,-3.385,-236.567,-0.997,0,0.072,0,1,0,-0.072,0,-0.997,-15.934,30.623,-1.446,"S","J"],[158.137,-3.247,-236.573,-0.998,0,0.066,0,1,0,-0.066,0,-0.998,-15.942,29.718,-1.354,"S","J"],[158.041,-3.073,-236.581,-0.999,0,0.055,0,1,0,-0.055,0,-0.999,-15.954,28.537,-1.198,"S","J"],[157.948,-2.914,-236.586,-0.999,0,0.05,0,1,0,-0.05,0,-0.999,-15.964,27.395,-1.065,"S","J"],[157.868,-2.78,-236.591,-0.999,0,0.044,0,1,0,-0.044,0,-0.999,-15.971,26.41,-0.956,"S","J"],[157.749,-2.592,-236.598,-0.999,0,0.032,0,1,0,-0.032,0,-0.999,-15.979,24.94,-0.827,"S","J"],[157.675,-2.479,-236.601,-1,0,0.024,0,1,0,-0.024,0,-1,-15.982,24.028,-0.747,"S","J"],[157.549,-2.301,-236.606,-1,0,0.011,0,1,0,-0.011,0,-1,-15.989,22.485,-0.557,"S","J"],[157.469,-2.191,-236.608,-1,0,0,0,1,0,0,0,-1,-15.994,21.501,-0.419,"S","J"],[157.356,-2.049,-236.61,-1,0,-0.016,0,1,0,0.016,0,-1,-15.998,20.121,-0.243,"S","J"],[157.263,-1.936,-236.61,-1,0,-0.029,0,1,0,0.029,0,-1,-15.999,18.983,-0.054,"S","J"],[157.184,-1.848,-236.609,-0.999,0,-0.038,0,1,0,0.038,0,-0.999,-15.998,18.011,0.127,"S","J"],[157.073,-1.73,-236.607,-0.999,0,-0.049,0,1,0,0.049,0,-0.999,-15.995,16.656,0.365,"S","J"],[156.977,-1.637,-236.604,-0.998,0,-0.058,0,1,0,0.058,0,-0.998,-15.99,15.477,0.548,"S","J"],[156.882,-1.55,-236.6,-0.998,0,-0.065,0,1,0,0.065,0,-0.998,-15.984,14.306,0.707,"S","J"],[156.808,-1.487,-236.596,-0.998,0,-0.07,0,1,0,0.07,0,-0.998,-15.977,13.403,0.849,"S","J"],[156.703,-1.408,-236.589,-0.998,0,-0.07,0,1,0,0.07,0,-0.998,-15.967,12.11,1.013,"S","J"],[156.574,-1.32,-236.581,-0.998,0,-0.07,0,1,0,0.07,0,-0.998,-15.962,10.521,1.105,"S","J"],[156.502,-1.274,-236.576,-0.998,0,-0.07,0,1,0,0.07,0,-0.998,-15.961,9.634,1.117,"S","J"],[156.409,-1.224,-236.569,-0.997,0,-0.073,0,1,0,0.073,0,-0.997,-15.961,8.491,1.119,"S","J"],[156.344,-1.193,-236.564,-0.997,0,-0.073,0,1,0,0.073,0,-0.997,-15.96,7.691,1.13,"S","J"],[156.195,-1.133,-236.554,-0.997,0,-0.073,0,1,0,0.073,0,-0.997,-15.957,5.86,1.168,"S","J"],[156.123,-1.112,-236.548,-0.997,0,-0.073,0,1,0,0.073,0,-0.997,-15.957,4.987,1.171,"S","J"],[156.015,-1.084,-236.54,-0.997,0,-0.073,0,1,0,0.073,0,-0.997,-15.957,3.647,1.172,"S","J"],[155.911,-1.069,-236.532,-0.997,0,-0.073,0,1,0,0.073,0,-0.997,-15.957,2.373,1.172,"S","J"],[155.804,-1.058,-236.524,-0.997,0,-0.073,0,1,0,0.073,0,-0.997,-15.957,1.052,1.172,"S","J"],[155.703,-1.06,-236.517,-0.997,0,-0.073,0,1,0,0.073,0,-0.997,-15.957,-0.175,1.172,"S","J"],[155.616,-1.065,-236.511,-0.997,0,-0.073,0,1,0,0.073,0,-0.997,-15.957,-1.259,1.172,"S","J"],[155.519,-1.078,-236.504,-0.997,0,-0.073,0,1,0,0.073,0,-0.997,-15.957,-2.441,1.172,"S","J"],[155.425,-1.1,-236.497,-0.997,0,-0.073,0,1,0,0.073,0,-0.997,-15.957,-3.595,1.172,"S","J"],[155.326,-1.127,-236.489,-0.997,0,-0.073,0,1,0,0.073,0,-0.997,-15.957,-4.817,1.172,"S","J"],[155.211,-1.171,-236.481,-0.997,0,-0.073,0,1,0,0.073,0,-0.997,-15.957,-6.235,1.172,"S","J"],[155.138,-1.203,-236.476,-0.997,0,-0.073,0,1,0,0.073,0,-0.997,-15.957,-7.142,1.172,"S","J"],[155.044,-1.252,-236.469,-0.997,0,-0.073,0,1,0,0.073,0,-0.997,-15.957,-8.3,1.172,"S","J"],[154.931,-1.316,-236.461,-0.997,0,-0.073,0,1,0,0.073,0,-0.997,-15.957,-9.677,1.172,"S","J"],[154.852,-1.369,-236.455,-0.997,0,-0.073,0,1,0,0.073,0,-0.997,-15.957,-10.659,1.172,"S","J"],[154.74,-1.453,-236.446,-0.997,0,-0.073,0,1,0,0.073,0,-0.997,-15.957,-12.033,1.172,"S","J"],[154.66,-1.516,-236.44,-0.997,0,-0.073,0,1,0,0.073,0,-0.997,-15.957,-13.015,1.172,"S","J"],[154.541,-1.623,-236.432,-0.997,0,-0.073,0,1,0,0.073,0,-0.997,-15.957,-14.469,1.172,"S","J"],[154.448,-1.712,-236.425,-0.997,0,-0.073,0,1,0,0.073,0,-0.997,-15.957,-15.618,1.172,"S","J"],[154.348,-1.817,-236.418,-0.997,0,-0.073,0,1,0,0.073,0,-0.997,-15.957,-16.848,1.172,"S","J"],[154.225,-1.955,-236.409,-0.997,0,-0.073,0,1,0,0.073,0,-0.997,-15.957,-18.359,1.172,"S","J"],[154.135,-2.064,-236.402,-0.997,0,-0.073,0,1,0,0.073,0,-0.997,-15.957,-19.464,1.172,"S","J"],[154.067,-2.15,-236.397,-0.997,0,-0.073,0,1,0,0.073,0,-0.997,-15.957,-20.302,1.172,"S","J"],[154.01,-2.226,-236.393,-0.997,0,-0.073,0,1,0,0.073,0,-0.997,-15.957,-21.005,1.172,"S","J"],[153.909,-2.366,-236.386,-0.997,0,-0.073,0,1,0,0.073,0,-0.997,-15.957,-22.242,1.172,"S","J"],[153.8,-2.524,-236.378,-0.997,0,-0.073,0,1,0,0.073,0,-0.997,-15.957,-23.584,1.172,"S","J"],[153.711,-2.662,-236.371,-0.997,0,-0.073,0,1,0,0.073,0,-0.997,-15.957,-24.678,1.172,"S","J"],[153.612,-2.82,-236.363,-0.997,0,-0.073,0,1,0,0.073,0,-0.997,-15.957,-25.892,1.172,"S","J"],[153.491,-3.027,-236.354,-0.997,0,-0.073,0,1,0,0.073,0,-0.997,-15.957,-27.383,1.172,"S","J"],[153.403,-3.183,-236.348,-0.997,0,-0.073,0,1,0,0.073,0,-0.997,-15.957,-28.471,1.172,"S","J"],[153.321,-3.335,-236.343,-0.997,0,-0.073,0,1,0,0.073,0,-0.997,-15.957,-29.473,1.172,"S","J"],[153.247,-3.475,-236.337,-0.997,0,-0.073,0,1,0,0.073,0,-0.997,-15.957,-30.391,1.172,"S","J"],[153.125,-3.717,-236.328,-0.997,0,-0.073,0,1,0,0.073,0,-0.997,-15.957,-31.889,1.172,"S","J"],[153.027,-3.917,-236.32,-0.997,0,-0.073,0,1,0,0.073,0,-0.997,-15.957,-33.091,1.172,"S","J"],[152.971,-4.037,-236.316,-0.997,0,-0.073,0,1,0,0.073,0,-0.997,-15.957,-33.784,1.172,"S","J"],[152.854,-4.295,-236.308,-0.997,0,-0.073,0,1,0,0.073,0,-0.997,-15.957,-35.226,1.172,"S","J"],[152.739,-4.555,-236.3,-0.997,0,-0.073,0,1,0,0.073,0,-0.997,-15.957,-36.633,1.172,"S","J"],[152.628,-4.816,-236.291,-0.997,0,-0.073,0,1,0,0.073,0,-0.997,-15.957,-37.995,1.172,"S","J"],[152.555,-4.994,-236.285,-0.996,0,-0.089,0,1,0,0.089,0,-0.996,-15.847,-38.897,1.39,"S","J"],[152.517,-5.091,-236.281,-0.989,0,-0.151,0,1,0,0.151,0,-0.989,-15.689,-39.379,1.704,"S","J"],[152.417,-5.359,-236.265,-0.946,0,-0.324,0,1,0,0.324,0,-0.946,-15.2,-40.674,2.511,"S","J"],[152.308,-5.664,-236.242,-0.91,0,-0.416,0,1,0,0.416,0,-0.91,-14.609,-42.114,3.379,"S","J"],[152.23,-5.907,-236.219,-0.871,0,-0.492,0,1,0,0.492,0,-0.871,-14.114,-43.211,4.006,"S","J"],[152.11,-6.302,-236.178,-0.826,0,-0.564,0,1,0,0.564,0,-0.826,-13.161,-44.954,4.788,"S","J"],[152.025,-6.617,-236.144,-0.795,0,-0.607,0,1,0,0.607,0,-0.795,-12.248,-46.297,5.139,"S","J"],[151.937,-6.979,-236.102,-0.735,0,-0.678,0,1,0,0.678,0,-0.735,-11.215,-47.798,5.497,"S","J"],[151.904,-7.125,-236.086,-0.684,0,-0.73,0,1,0,0.73,0,-0.684,-10.803,-48.388,5.622,"S","J"],[151.86,-7.337,-236.061,-0.653,0,-0.758,0,1,0,0.758,0,-0.653,-10.204,-49.234,5.763,"S","J"],[151.778,-7.785,-236.008,-0.632,0,-0.775,0,1,0,0.775,0,-0.632,-8.963,-50.973,6.022,"S","J"],[151.758,-7.908,-235.993,-0.612,0,-0.791,0,1,0,0.791,0,-0.612,-8.626,-51.444,6.087,"S","J"],[151.715,-8.19,-235.96,-0.541,0,-0.841,0,1,0,0.841,0,-0.541,-7.867,-52.501,6.216,"S","J"],[151.689,-8.382,-235.937,-0.518,0,-0.856,0,1,0,0.856,0,-0.518,-7.356,-53.207,6.275,"S","J"],[151.65,-8.711,-235.899,-0.505,0,-0.863,0,1,0,0.863,0,-0.505,-6.495,-54.392,6.357,"S","J"],[151.612,-9.065,-235.858,-0.494,0,-0.87,0,1,0,0.87,0,-0.494,-5.58,-55.653,6.435,"S","J"],[151.59,-9.31,-235.83,-0.447,0,-0.895,0,1,0,0.895,0,-0.447,-4.962,-56.504,6.481,"S","J"],[151.566,-9.647,-235.792,-0.439,0,-0.899,0,1,0,0.899,0,-0.439,-4.129,-57.648,6.51,"S","J"],[151.549,-9.919,-235.761,-0.435,0,-0.901,0,1,0,0.901,0,-0.435,-3.461,-58.565,6.53,"S","J"],[151.532,-10.324,-235.717,-0.43,0,-0.903,0,1,0,0.903,0,-0.43,-2.493,-59.894,6.552,"S","J"],[151.52,-10.673,-235.679,-0.419,0,-0.908,0,1,0,0.908,0,-0.419,-1.67,-61.023,6.569,"S","J"],[151.516,-10.856,-235.66,-0.408,0,-0.913,0,1,0,0.913,0,-0.408,-1.246,-61.605,6.574,"S","J"],[151.514,-11.149,-235.63,-0.401,0,-0.916,0,1,0,0.916,0,-0.401,-0.577,-62.524,6.572,"S","J"],[151.515,-11.525,-235.59,-0.399,0,-0.917,0,1,0,0.917,0,-0.399,0.272,-63.687,6.564,"S","J"],[151.518,-11.792,-235.563,-0.392,0,-0.92,0,1,0,0.92,0,-0.392,0.865,-64.502,6.556,"S","J"],[151.525,-12.1,-235.533,-0.386,0,-0.923,0,1,0,0.923,0,-0.386,1.539,-65.425,6.543,"S","J"],[151.544,-12.617,-235.483,-0.382,0,-0.924,0,1,0,0.924,0,-0.382,2.648,-66.948,6.512,"S","J"],[151.557,-12.982,-235.448,-0.382,0,-0.924,0,1,0,0.924,0,-0.382,2.328,-67.179,6.146,"S","J"],[151.555,-13.117,-235.43,-0.382,0,-0.924,0,1,0,0.924,0,-0.382,0.689,-32.741,5.011,12,"J"],[151.302,-13.002,-235.511,-0.382,0,-0.924,0,1,0,0.924,0,-0.382,-30.785,0.372,-7.978,3,"J"],[150.8,-12.782,-235.673,-0.382,0,-0.924,0,1,0,0.924,0,-0.382,-51.995,22.366,-16.851,5,"J"],[150.46,-12.639,-235.784,-0.382,0,-0.924,0,1,0,0.924,0,-0.382,-51.081,21.067,-16.6,"S","J"],[150.212,-12.542,-235.864,-0.382,0,-0.924,0,1,0,0.924,0,-0.382,-50.405,20.104,-16.414,"S","J"],[149.834,-12.396,-235.988,-0.382,0,-0.924,0,1,0,0.924,0,-0.382,-49.353,18.606,-16.124,"S","J"],[149.609,-12.314,-236.062,-0.382,0,-0.924,0,1,0,0.924,0,-0.382,-48.714,17.698,-15.949,"S","J"],[149.323,-12.215,-236.156,-0.382,0,-0.924,0,1,0,0.924,0,-0.382,-47.892,16.529,-15.723,"S","J"],[149.064,-12.129,-236.241,-0.382,0,-0.924,0,1,0,0.924,0,-0.382,-47.137,15.454,-15.514,"S","J"],[148.643,-12.001,-236.38,-0.382,0,-0.924,0,1,0,0.924,0,-0.382,-45.885,13.672,-15.169,"S","J"],[148.435,-11.942,-236.449,-0.382,0,-0.924,0,1,0,0.924,0,-0.382,-45.248,12.767,-14.995,"S","J"],[148.168,-11.872,-236.537,-0.382,0,-0.924,0,1,0,0.924,0,-0.382,-44.424,11.593,-14.768,"S","J"],[147.754,-11.774,-236.672,-0.382,0,-0.924,0,1,0,0.924,0,-0.382,-43.36,9.733,-13.953,"S","J"],[147.601,-11.742,-236.72,-0.382,0,-0.924,0,1,0,0.924,0,-0.382,-42.977,9.035,-13.62,"S","J"],[147.226,-11.673,-236.836,-0.382,0,-0.924,0,1,0,0.924,0,-0.382,-42.018,7.292,-12.786,"S","J"],[147.019,-11.641,-236.898,-0.382,0,-0.924,0,1,0,0.924,0,-0.382,-41.481,6.317,-12.32,"S","J"],[146.838,-11.617,-236.95,-0.382,0,-0.924,0,1,0,0.924,0,-0.382,-41.005,5.449,-11.905,"S","J"],[146.544,-11.585,-237.033,-0.382,0,-0.924,0,1,0,0.924,0,-0.382,-40.22,4.024,-11.224,"S","J"],[146.263,-11.565,-237.108,-0.557,0,-0.83,0,1,0,0.83,0,-0.557,-39.466,2.626,-10.539,"S","J"],[146.027,-11.555,-237.17,-0.662,0,-0.75,0,1,0,0.75,0,-0.662,-38.837,1.44,-9.948,"S","J"],[145.926,-11.553,-237.195,-0.715,0,-0.699,0,1,0,0.699,0,-0.715,-38.568,0.928,-9.688,"S","J"],[145.579,-11.556,-237.277,-0.831,0,-0.557,0,1,0,0.557,0,-0.831,-37.628,-0.87,-8.773,"S","J"],[145.46,-11.561,-237.304,-0.876,0,-0.482,0,1,0,0.482,0,-0.876,-37.302,-1.496,-8.456,"S","J"],[145.285,-11.573,-237.342,-0.912,0,-0.41,0,1,0,0.41,0,-0.912,-36.806,-2.435,-7.984,"S","J"],[145.023,-11.598,-237.396,-0.95,0,-0.311,0,1,0,0.311,0,-0.95,-36.049,-3.853,-7.28,"S","J"],[144.888,-11.616,-237.422,-0.973,0,-0.229,0,1,0,0.229,0,-0.973,-35.64,-4.592,-6.93,"S","J"],[144.674,-11.652,-237.462,-0.994,0,-0.108,0,1,0,0.108,0,-0.994,-34.95,-5.796,-6.389,"S","J"],[144.475,-11.689,-237.497,-0.999,0,-0.036,0,1,0,0.036,0,-0.999,-34.274,-6.925,-5.927,"S","J"],[144.307,-11.73,-237.525,-0.999,0,-0.037,0,1,0,0.037,0,-0.999,-33.622,-7.912,-5.623,"S","J"],[144.062,-11.796,-237.565,-0.999,0,-0.037,0,1,0,0.037,0,-0.999,-32.659,-9.37,-5.174,"S","J"],[143.877,-11.857,-237.593,-0.999,0,-0.037,0,1,0,0.037,0,-0.999,-31.907,-10.508,-4.824,"S","J"],[143.664,-11.934,-237.623,-0.999,0,-0.037,0,1,0,0.037,0,-0.999,-31.028,-11.839,-4.414,"S","J"],[143.499,-12.005,-237.645,-0.999,0,-0.037,0,1,0,0.037,0,-0.999,-30.321,-12.909,-4.085,"S","J"],[143.254,-12.121,-237.677,-0.999,0,-0.037,0,1,0,0.037,0,-0.999,-29.247,-14.533,-3.584,"S","J"],[143.175,-12.163,-237.686,-0.999,0,-0.037,0,1,0,0.037,0,-0.999,-28.893,-15.07,-3.419,"S","J"],[143.059,-12.228,-237.699,-0.999,0,-0.037,0,1,0,0.037,0,-0.999,-28.353,-15.874,-3.193,"S","J"],[142.903,-12.325,-237.715,-0.999,0,-0.037,0,1,0,0.037,0,-0.999,-27.58,-16.983,-2.957,"S","J"],[142.765,-12.415,-237.729,-0.999,0,-0.037,0,1,0,0.037,0,-0.999,-26.881,-17.986,-2.743,"S","J"],[142.616,-12.522,-237.744,-0.999,0,-0.037,0,1,0,0.037,0,-0.999,-26.105,-19.1,-2.506,"S","J"],[142.501,-12.613,-237.755,-0.999,0,-0.037,0,1,0,0.037,0,-0.999,-25.487,-19.986,-2.317,"S","J"],[142.296,-12.789,-237.771,-0.999,0,-0.037,0,1,0,0.037,0,-0.999,-24.35,-21.617,-1.969,"S","J"],[142.157,-12.924,-237.782,-0.999,0,-0.037,0,1,0,0.037,0,-0.999,-23.54,-22.779,-1.722,"S","J"],[141.993,-13.094,-237.793,-0.999,0,-0.037,0,1,0,0.037,0,-0.999,-22.559,-24.187,-1.423,"S","J"],[141.888,-13.215,-237.799,-0.999,0,-0.037,0,1,0,0.037,0,-0.999,-21.905,-25.124,-1.223,"S","J"],[141.721,-13.422,-237.806,-0.999,0,-0.037,0,1,0,0.037,0,-0.999,-20.822,-26.679,-0.892,"S","J"],[141.645,-13.524,-237.809,-0.999,0,-0.037,0,1,0,0.037,0,-0.999,-20.313,-27.409,-0.736,"S","J"],[141.488,-13.759,-237.813,-0.999,0,-0.037,0,1,0,0.037,0,-0.999,-19.202,-29.003,-0.396,"S","J"],[141.396,-13.903,-237.814,-0.999,0,-0.037,0,1,0,0.037,0,-0.999,-18.533,-29.963,-0.192,"S","J"],[141.273,-14.121,-237.813,-0.999,0,-0.037,0,1,0,0.037,0,-0.999,-17.579,-31.332,0.099,"S","J"],[141.177,-14.301,-237.812,-0.999,0,-0.037,0,1,0,0.037,0,-0.999,-16.809,-32.436,0.334,"S","J"],[141.114,-14.429,-237.81,-0.999,0,-0.037,0,1,0,0.037,0,-0.999,-16.387,-33.186,0.463,"S","J"],[140.981,-14.716,-237.805,-0.999,0,-0.037,0,1,0,0.037,0,-0.999,-16.068,-34.818,0.561,"S","J"],[140.84,-15.032,-237.8,-0.999,0,-0.037,0,1,0,0.037,0,-0.999,-15.999,-36.536,0.582,"S","J"],[140.711,-15.336,-237.795,-0.999,0,-0.037,0,1,0,0.037,0,-0.999,-15.991,-38.118,0.585,"S","J"],[140.622,-15.555,-237.792,-0.999,0,-0.037,0,1,0,0.037,0,-0.999,-15.99,-39.212,0.585,"S","J"],[140.505,-15.849,-237.788,-0.999,0,-0.037,0,1,0,0.037,0,-0.999,-15.989,-40.65,0.585,"S","J"],[140.429,-16.043,-237.785,-0.999,0,-0.037,0,1,0,0.037,0,-0.999,-15.989,-41.571,0.585,7,"J"],[140.338,-16.289,-237.781,-0.999,0,-0.037,0,1,0,0.037,0,-0.999,-15.989,-42.697,0.585,"S","J"],[140.24,-16.553,-237.778,-0.999,0,-0.037,0,1,0,0.037,0,-0.999,-15.989,-43.889,0.585,"S","J"],[140.137,-16.794,-237.774,-0.999,0,-0.037,0,1,0,0.037,0,-0.999,-15.989,-33.096,0.585,"S","J"],[140.006,-16.957,-237.769,-0.999,0,-0.037,0,1,0,0.037,0,-0.999,-15.989,-12.965,0.585,"S","J"],[139.906,-16.983,-237.766,-0.999,0,-0.037,0,1,0,0.037,0,-0.999,-15.989,-1.127,0.585,"S","J"],[139.83,-16.973,-237.763,-0.999,0,-0.037,0,1,0,0.037,0,-0.999,-15.989,2.307,0.585,"S","J"],[139.729,-16.948,-237.759,-0.999,0,-0.037,0,1,0,0.037,0,-0.999,-15.989,3.836,0.585,"S","J"],[139.641,-16.813,-237.756,-0.999,0,-0.037,0,1,0,0.037,0,-0.999,-15.989,31.173,0.585,8,"J"],[139.548,-16.51,-237.753,-0.999,0,-0.037,0,1,0,0.037,0,-0.999,-15.989,52.227,0.585,3,"J"],[139.439,-16.16,-237.749,-0.999,0,-0.037,0,1,0,0.037,0,-0.999,-15.989,50.891,0.585,"S","J"],[139.363,-15.923,-237.746,-0.999,0,-0.037,0,1,0,0.037,0,-0.999,-15.989,49.958,0.585,5,"J"],[139.263,-15.618,-237.742,-0.999,0,-0.037,0,1,0,0.037,0,-0.999,-15.989,48.732,0.585,"S","J"],[139.181,-15.372,-237.739,-0.999,0,-0.037,0,1,0,0.037,0,-0.999,-15.989,47.728,0.585,"S","J"],[139.04,-14.964,-237.734,-0.999,0,-0.037,0,1,0,0.037,0,-0.999,-15.989,46.001,0.585,"S","J"],[138.981,-14.796,-237.732,-0.999,0,-0.037,0,1,0,0.037,0,-0.999,-15.989,45.275,0.585,"S","J"],[138.873,-14.497,-237.728,-0.999,0,-0.037,0,1,0,0.037,0,-0.999,-15.989,43.941,0.585,"S","J"],[138.774,-14.232,-237.725,-0.999,0,-0.037,0,1,0,0.037,0,-0.999,-15.989,42.735,0.585,"S","J"],[138.655,-13.924,-237.721,-0.999,0,-0.037,0,1,0,0.037,0,-0.999,-15.989,41.275,0.585,"S","J"],[138.56,-13.682,-237.717,-0.999,0,-0.037,0,1,0,0.037,0,-0.999,-15.989,40.106,0.585,"S","J"],[138.471,-13.467,-237.713,-0.999,0,-0.037,0,1,0,0.037,0,-0.999,-15.989,39.019,0.585,"S","J"],[138.369,-13.222,-237.71,-0.999,0,-0.037,0,1,0,0.037,0,-0.999,-15.989,37.76,0.585,"S","J"],[138.259,-12.973,-237.706,-0.999,0,-0.037,0,1,0,0.037,0,-0.999,-15.989,36.42,0.585,"S","J"],[138.169,-12.771,-237.703,-0.999,0,-0.037,0,1,0,0.037,0,-0.999,-15.989,35.31,0.585,"S","J"],[138.098,-12.618,-237.7,-0.999,0,-0.037,0,1,0,0.037,0,-0.999,-15.989,34.437,0.585,"S","J"],[137.998,-12.408,-237.696,-0.999,0,-0.037,0,1,0,0.037,0,-0.999,-15.989,33.212,0.585,"S","J"],[137.891,-12.194,-237.692,-0.999,0,-0.037,0,1,0,0.037,0,-0.999,-15.989,31.907,0.585,"S","J"],[137.806,-12.03,-237.689,-0.999,0,-0.037,0,1,0,0.037,0,-0.999,-15.989,30.856,0.585,"S","J"],[137.725,-11.877,-237.686,-0.999,0,-0.037,0,1,0,0.037,0,-0.999,-15.989,29.865,0.585,"S","J"],[137.616,-11.683,-237.682,-0.999,0,-0.037,0,1,0,0.037,0,-0.999,-15.989,28.532,0.585,"S","J"],[137.508,-11.496,-237.678,-0.999,0,-0.037,0,1,0,0.037,0,-0.999,-15.989,27.202,0.585,"S","J"],[137.395,-11.312,-237.674,-0.999,0,-0.037,0,1,0,0.037,0,-0.999,-15.989,25.811,0.585,"S","J"],[137.293,-11.152,-237.67,-0.999,0,-0.037,0,1,0,0.037,0,-0.999,-15.989,24.555,0.585,"S","J"],[137.222,-11.047,-237.667,-0.999,0,-0.037,0,1,0,0.037,0,-0.999,-15.989,23.688,0.585,"S","J"],[137.106,-10.884,-237.664,-0.999,0,-0.037,0,1,0,0.037,0,-0.999,-15.989,22.263,0.585,"S","J"],[137.025,-10.777,-237.661,-0.999,0,-0.037,0,1,0,0.037,0,-0.999,-15.989,21.282,0.585,"S","J"],[136.919,-10.643,-237.657,-0.999,0,-0.037,0,1,0,0.037,0,-0.999,-15.989,19.974,0.585,"S","J"],[136.825,-10.531,-237.653,-0.999,0,-0.037,0,1,0,0.037,0,-0.999,-15.989,18.829,0.585,"S","J"],[136.678,-10.369,-237.648,-0.999,0,-0.037,0,1,0,0.037,0,-0.999,-15.989,17.014,0.585,"S","J"],[136.622,-10.311,-237.645,-0.999,0,-0.037,0,1,0,0.037,0,-0.999,-15.989,16.321,0.585,"S","J"],[136.511,-10.207,-237.642,-0.999,0,-0.037,0,1,0,0.037,0,-0.999,-15.989,14.973,0.585,"S","J"],[136.421,-10.127,-237.638,-0.999,0,-0.037,0,1,0,0.037,0,-0.999,-15.989,13.856,0.585,"S","J"],[136.351,-10.07,-237.636,-0.999,0,-0.037,0,1,0,0.037,0,-0.999,-15.989,13.009,0.585,"S","J"],[136.206,-9.964,-237.631,-0.999,0,-0.037,0,1,0,0.037,0,-0.999,-15.989,11.221,0.585,"S","J"],[136.132,-9.917,-237.627,-0.999,0,-0.037,0,1,0,0.037,0,-0.999,-15.989,10.317,0.585,"S","J"],[136.035,-9.861,-237.624,-0.999,0,-0.037,0,1,0,0.037,0,-0.999,-15.989,9.129,0.585,"S","J"],[135.92,-9.803,-237.62,-0.999,0,-0.037,0,1,0,0.037,0,-0.999,-15.989,7.723,0.585,"S","J"],[135.813,-9.757,-237.616,-0.999,0,-0.037,0,1,0,0.037,0,-0.999,-15.989,6.398,0.585,"S","J"],[135.743,-9.733,-237.614,-0.999,0,-0.037,0,1,0,0.037,0,-0.999,-15.989,5.553,0.585,"S","J"],[135.599,-9.695,-237.608,-0.999,0,-0.037,0,1,0,0.037,0,-0.999,-15.989,3.776,0.585,"S","J"],[135.552,-9.686,-237.606,-0.999,0,-0.037,0,1,0,0.037,0,-0.999,-15.989,3.2,0.585,"S","J"],[135.452,-9.674,-237.602,-0.999,0,-0.037,0,1,0,0.037,0,-0.999,-15.989,1.969,0.585,"S","J"],[135.377,-9.667,-237.6,-0.999,0,-0.037,0,1,0,0.037,0,-0.999,-15.989,1.052,0.585,"S","J"],[135.241,-9.67,-237.595,-0.999,0,-0.037,0,1,0,0.037,0,-0.999,-15.989,-0.625,0.585,"S","J"],[135.175,-9.675,-237.593,-0.999,0,-0.037,0,1,0,0.037,0,-0.999,-15.989,-1.433,0.585,"S","J"],[135.072,-9.692,-237.589,-0.999,0,-0.037,0,1,0,0.037,0,-0.999,-15.989,-2.7,0.585,"S","J"],[134.988,-9.71,-237.586,-0.999,0,-0.037,0,1,0,0.037,0,-0.999,-15.989,-3.724,0.585,"S","J"],[134.876,-9.745,-237.582,-0.999,0,-0.037,0,1,0,0.037,0,-0.999,-15.989,-5.097,0.585,"S","J"],[134.779,-9.78,-237.578,-0.999,0,-0.037,0,1,0,0.037,0,-0.999,-15.989,-6.283,0.585,"S","J"],[134.671,-9.832,-237.574,-0.999,0,-0.037,0,1,0,0.037,0,-0.999,-15.989,-7.609,0.585,"S","J"],[134.593,-9.872,-237.571,-0.999,0,-0.037,0,1,0,0.037,0,-0.999,-15.989,-8.572,0.585,"S","J"],[134.529,-9.91,-237.569,-0.999,0,-0.037,0,1,0,0.037,0,-0.999,-15.989,-9.352,0.585,"S","J"],[134.378,-10.01,-237.563,-0.999,0,-0.037,0,1,0,0.037,0,-0.999,-15.989,-11.204,0.585,"S","J"],[134.329,-10.046,-237.561,-0.999,0,-0.037,0,1,0,0.037,0,-0.999,-15.989,-11.803,0.585,"S","J"],[134.226,-10.131,-237.558,-0.999,0,-0.037,0,1,0,0.037,0,-0.999,-15.989,-13.081,0.585,"S","J"],[134.102,-10.241,-237.553,-0.999,0,-0.037,0,1,0,0.037,0,-0.999,-15.989,-14.595,0.585,"S","J"],[133.988,-10.352,-237.549,-0.999,0,-0.039,0,1,0,0.039,0,-0.999,-15.989,-15.987,0.585,"S","J"],[133.894,-10.452,-237.546,-0.999,0,-0.043,0,1,0,0.043,0,-0.999,-15.989,-17.138,0.603,"S","J"],[133.787,-10.573,-237.541,-0.999,0,-0.044,0,1,0,0.044,0,-0.999,-15.987,-18.456,0.645,"S","J"],[133.701,-10.679,-237.538,-0.999,0,-0.046,0,1,0,0.046,0,-0.999,-15.986,-19.515,0.674,"S","J"],[133.598,-10.809,-237.533,-0.999,0,-0.047,0,1,0,0.047,0,-0.999,-15.985,-20.768,0.694,"S","J"],[133.484,-10.968,-237.528,-0.999,0,-0.051,0,1,0,0.051,0,-0.999,-15.984,-22.181,0.73,"S","J"],[133.382,-11.114,-237.524,-0.999,0,-0.053,0,1,0,0.053,0,-0.999,-15.982,-23.425,0.756,"S","J"],[133.273,-11.283,-237.518,-0.998,0,-0.056,0,1,0,0.056,0,-0.998,-15.979,-24.771,0.809,"S","J"],[133.183,-11.427,-237.513,-0.998,0,-0.059,0,1,0,0.059,0,-0.998,-15.978,-25.871,0.839,"S","J"],[133.092,-11.581,-237.508,-0.998,0,-0.062,0,1,0,0.062,0,-0.998,-15.976,-26.99,0.881,"S","J"],[132.976,-11.784,-237.501,-0.998,0,-0.068,0,1,0,0.068,0,-0.998,-15.972,-28.419,0.941,"S","J"],[132.917,-11.892,-237.498,-0.998,0,-0.07,0,1,0,0.07,0,-0.998,-15.97,-29.144,0.978,"S","J"],[132.837,-12.043,-237.492,-0.997,0,-0.073,0,1,0,0.073,0,-0.997,-15.966,-30.121,1.041,"S","J"],[132.731,-12.249,-237.485,-0.997,0,-0.077,0,1,0,0.077,0,-0.997,-15.962,-31.426,1.105,"S","J"],[132.657,-12.4,-237.48,-0.997,0,-0.08,0,1,0,0.08,0,-0.997,-15.959,-32.338,1.148,"S","J"],[132.535,-12.656,-237.471,-0.997,0,-0.082,0,1,0,0.082,0,-0.997,-15.954,-33.84,1.209,"S","J"],[132.453,-12.834,-237.464,-0.997,0,-0.083,0,1,0,0.083,0,-0.997,-15.951,-34.84,1.255,"S","J"],[132.327,-13.117,-237.454,-0.996,0,-0.086,0,1,0,0.086,0,-0.996,-15.947,-36.39,1.307,"S","J"],[132.256,-13.285,-237.448,-0.996,0,-0.089,0,1,0,0.089,0,-0.996,-15.945,-37.271,1.321,"S","J"],[132.131,-13.586,-237.437,-0.996,0,-0.089,0,1,0,0.089,0,-0.996,-15.941,-38.808,1.371,"S","J"],[132.045,-13.798,-237.429,-0.996,0,-0.091,0,1,0,0.091,0,-0.996,-15.938,-39.855,1.405,"S","J"],[131.943,-14.063,-237.42,-0.996,0,-0.092,0,1,0,0.092,0,-0.996,-15.937,-41.117,1.415,"S","J"],[131.825,-14.375,-237.41,-0.996,0,-0.092,0,1,0,0.092,0,-0.996,-15.934,-42.573,1.449,"S","J"],[131.733,-14.626,-237.401,-0.996,0,-0.094,0,1,0,0.094,0,-0.996,-15.933,-43.699,1.463,"S","J"],[131.652,-14.852,-237.394,-0.995,0,-0.095,0,1,0,0.095,0,-0.995,-15.932,-44.699,1.47,"S","J"],[131.51,-15.264,-237.38,-0.995,0,-0.095,0,1,0,0.095,0,-0.995,-15.929,-46.455,1.508,"S","J"],[131.443,-15.462,-237.374,-0.995,0,-0.097,0,1,0,0.097,0,-0.995,-15.928,-47.281,1.519,"S","J"],[131.366,-15.693,-237.367,-0.995,0,-0.098,0,1,0,0.098,0,-0.995,-15.927,-48.222,1.523,"S","J"],[131.264,-16.013,-237.357,-0.995,0,-0.101,0,1,0,0.101,0,-0.995,-15.924,-49.489,1.554,7,"J"],[131.17,-16.306,-237.348,-0.995,0,-0.104,0,1,0,0.104,0,-0.995,-15.922,-50.634,1.572,"S","J"],[131.082,-16.596,-237.339,-0.994,0,-0.107,0,1,0,0.107,0,-0.994,-15.92,-51.732,1.599,"S","J"],[130.99,-16.846,-237.33,-0.994,0,-0.109,0,1,0,0.109,0,-0.994,-15.916,-40.577,1.638,"S","J"],[130.912,-16.932,-237.321,-0.994,0,-0.112,0,1,0,0.112,0,-0.994,-15.912,-20.56,1.678,"S","J"],[130.805,-16.984,-237.31,-0.993,0,-0.116,0,1,0,0.116,0,-0.993,-15.906,-3.691,1.732,"S","J"],[130.699,-16.973,-237.297,-0.993,0,-0.119,0,1,0,0.119,0,-0.993,-15.9,1.621,1.789,"S","J"],[130.554,-16.939,-237.28,-0.993,0,-0.121,0,1,0,0.121,0,-0.993,-15.892,4.156,1.854,"S","J"],[130.388,-16.895,-237.26,-0.992,0,-0.123,0,1,0,0.123,0,-0.992,-15.884,3.997,1.92,8,"J"],[130.284,-16.872,-237.248,-0.992,0,-0.124,0,1,0,0.124,0,-0.992,-15.882,3.44,1.935,"S","J"],[130.191,-16.854,-237.236,-0.992,0,-0.124,0,1,0,0.124,0,-0.992,-15.88,2.905,1.957,"S","J"],[130.125,-16.843,-237.229,-0.992,0,-0.124,0,1,0,0.124,0,-0.992,-15.877,2.552,1.978,"S","J"],[129.98,-16.825,-237.21,-0.992,0,-0.127,0,1,0,0.127,0,-0.992,-15.876,1.884,1.989,"S","J"],[129.921,-16.819,-237.203,-0.992,0,-0.128,0,1,0,0.128,0,-0.992,-15.876,1.653,1.991,"S","J"],[129.819,-16.81,-237.19,-0.992,0,-0.128,0,1,0,0.128,0,-0.992,-15.872,1.329,2.017,"S","J"],[129.732,-16.804,-237.178,-0.992,0,-0.128,0,1,0,0.128,0,-0.992,-15.869,1.082,2.038,"S","J"],[129.633,-16.799,-237.166,-0.992,0,-0.128,0,1,0,0.128,0,-0.992,-15.869,0.874,2.041,"S","J"],[129.535,-16.794,-237.153,-0.992,0,-0.128,0,1,0,0.128,0,-0.992,-15.869,0.693,2.043,"S","J"],[129.438,-16.79,-237.141,-0.992,0,-0.128,0,1,0,0.128,0,-0.992,-15.869,0.56,2.043,"S","J"],[129.327,-16.787,-237.126,-0.992,0,-0.13,0,1,0,0.13,0,-0.992,-15.869,0.43,2.043,"S","J"],[129.262,-16.785,-237.118,-0.991,0,-0.131,0,1,0,0.131,0,-0.991,-15.869,0.37,2.043,"S","J"],[129.193,-16.784,-237.109,-0.991,0,-0.132,0,1,0,0.132,0,-0.991,-15.867,0.318,2.058,"S","J"],[129.043,-16.782,-237.09,-0.991,0,-0.134,0,1,0,0.134,0,-0.991,-15.863,0.224,2.092,"S","J"],[128.808,-16.78,-237.058,-0.99,0,-0.138,0,1,0,0.138,0,-0.99,-15.854,0.131,2.155,"S","J"],[128.715,-16.779,-237.045,-0.99,0,-0.141,0,1,0,0.141,0,-0.99,-15.849,0.105,2.188,"S","J"],[128.585,-16.778,-237.027,-0.99,0,-0.144,0,1,0,0.144,0,-0.99,-15.848,0.078,2.197,"S","J"],[128.526,-16.778,-237.019,-0.989,0,-0.146,0,1,0,0.146,0,-0.989,-15.845,0.068,2.222,"S","J"],[128.391,-16.777,-236.999,-0.989,0,-0.147,0,1,0,0.147,0,-0.989,-15.836,0.05,2.286,"S","J"],[128.33,-16.777,-236.991,-0.989,0,-0.149,0,1,0,0.149,0,-0.989,-15.831,0.043,2.32,"S","J"],[128.24,-16.777,-236.977,-0.988,0,-0.154,0,1,0,0.154,0,-0.988,-15.827,0.035,2.347,"S","J"],[128.111,-16.777,-236.958,-0.988,0,-0.157,0,1,0,0.157,0,-0.988,-15.819,0.026,2.398,"S","J"],[128.046,-16.777,-236.948,-0.988,0,-0.157,0,1,0,0.157,0,-0.988,-15.814,0.022,2.436,"S","J"],[127.937,-16.777,-236.93,-0.987,0,-0.16,0,1,0,0.16,0,-0.987,-15.806,0.017,2.488,"S","J"],[127.85,-16.776,-236.917,-0.987,0,-0.16,0,1,0,0.16,0,-0.987,-15.803,0.014,2.505,"S","J"],[127.72,-16.776,-236.895,-0.987,0,-0.163,0,1,0,0.163,0,-0.987,-15.795,0.01,2.552,"S","J"],[127.664,-16.776,-236.887,-0.986,0,-0.166,0,1,0,0.166,0,-0.986,-15.794,0.009,2.557,"S","J"],[127.527,-16.776,-236.864,-0.986,0,-0.166,0,1,0,0.166,0,-0.986,-15.787,0.006,2.602,"S","J"],[127.467,-16.776,-236.854,-0.986,0,-0.169,0,1,0,0.169,0,-0.986,-15.781,0.006,2.634,"S","J"],[127.352,-16.776,-236.835,-0.985,0,-0.175,0,1,0,0.175,0,-0.985,-15.778,0.004,2.657,"S","J"],[127.245,-16.776,-236.817,-0.984,0,-0.18,0,1,0,0.18,0,-0.984,-15.768,0.003,2.71,"S","J"],[127.188,-16.776,-236.806,-0.983,0,-0.186,0,1,0,0.186,0,-0.983,-15.758,0.003,2.775,"S","J"],[127.037,-16.776,-236.779,-0.982,0,-0.191,0,1,0,0.191,0,-0.982,-15.738,0.002,2.883,"S","J"],[126.991,-16.776,-236.77,-0.981,0,-0.195,0,1,0,0.195,0,-0.981,-15.729,0.002,2.932,"S","J"],[126.84,-16.776,-236.741,-0.979,0,-0.204,0,1,0,0.204,0,-0.979,-15.709,0.001,3.038,"S","J"],[126.796,-16.776,-236.732,-0.978,0,-0.208,0,1,0,0.208,0,-0.978,-15.699,0.001,3.087,"S","J"],[126.673,-16.776,-236.707,-0.976,0,-0.219,0,1,0,0.219,0,-0.976,-15.669,0.001,3.237,"S","J"],[126.591,-16.776,-236.69,-0.974,0,-0.226,0,1,0,0.226,0,-0.974,-15.651,0.001,3.324,"S","J"],[126.544,-16.776,-236.68,-0.972,0,-0.233,0,1,0,0.233,0,-0.972,-15.639,0.001,3.38,"S","J"],[126.39,-16.776,-236.645,-0.971,0,-0.241,0,1,0,0.241,0,-0.971,-15.592,0,3.589,"S","J"],[126.313,-16.776,-236.626,-0.969,0,-0.246,0,1,0,0.246,0,-0.969,-15.565,0,3.705,"S","J"],[126.188,-16.776,-236.595,-0.966,0,-0.258,0,1,0,0.258,0,-0.966,-15.533,0,3.836,"S","J"],[126.133,-16.776,-236.582,-0.965,0,-0.264,0,1,0,0.264,0,-0.965,-15.517,0,3.898,"S","J"],[126.076,-16.776,-236.567,-0.963,0,-0.269,0,1,0,0.269,0,-0.963,-15.487,0,4.018,"S","J"],[125.937,-16.776,-236.53,-0.961,0,-0.276,0,1,0,0.276,0,-0.961,-15.441,0,4.192,"S","J"],[125.844,-16.776,-236.504,-0.96,0,-0.28,0,1,0,0.28,0,-0.96,-15.413,0,4.295,"S","J"],[125.735,-16.776,-236.473,-0.958,0,-0.285,0,1,0,0.285,0,-0.958,-15.384,0,4.395,"S","J"],[125.67,-16.776,-236.454,-0.957,0,-0.289,0,1,0,0.289,0,-0.957,-15.37,0,4.444,"S","J"],[125.521,-16.776,-236.41,-0.955,0,-0.295,0,1,0,0.295,0,-0.955,-15.339,0,4.552,"S","J"],[125.428,-16.776,-236.382,-0.954,0,-0.298,0,1,0,0.298,0,-0.954,-15.323,0,4.604,"S","J"],[125.356,-16.776,-236.36,-0.953,0,-0.304,0,1,0,0.304,0,-0.953,-15.301,0,4.678,"S","J"],[125.288,-16.776,-236.339,-0.952,0,-0.307,0,1,0,0.307,0,-0.952,-15.282,0,4.738,"S","J"],[125.164,-16.776,-236.299,-0.95,0,-0.311,0,1,0,0.311,0,-0.95,-15.249,0,4.845,"S","J"],[125.063,-16.776,-236.267,-0.949,0,-0.317,0,1,0,0.317,0,-0.949,-15.231,0,4.903,"S","J"],[124.975,-16.776,-236.238,-0.948,0,-0.319,0,1,0,0.319,0,-0.948,-15.211,0,4.961,"S","J"],[124.871,-16.776,-236.204,-0.946,0,-0.325,0,1,0,0.325,0,-0.946,-15.184,0,5.044,"S","J"],[124.782,-16.776,-236.174,-0.944,0,-0.329,0,1,0,0.329,0,-0.944,-15.165,0,5.099,"S","J"],[124.698,-16.776,-236.145,-0.943,0,-0.332,0,1,0,0.332,0,-0.943,-15.144,0,5.161,"S","J"],[124.611,-16.776,-236.115,-0.943,0,-0.334,0,1,0,0.334,0,-0.943,-15.12,0,5.232,"S","J"],[124.517,-16.776,-236.082,-0.942,0,-0.336,0,1,0,0.336,0,-0.942,-15.098,0,5.297,"S","J"],[124.414,-16.776,-236.046,-0.942,0,-0.337,0,1,0,0.337,0,-0.942,-15.086,0,5.329,"S","J"],[124.316,-16.776,-236.012,-0.942,0,-0.337,0,1,0,0.337,0,-0.942,-15.076,0,5.357,"S","J"],[124.244,-16.776,-235.986,-0.942,0,-0.337,0,1,0,0.337,0,-0.942,-15.067,0,5.383,"S","J"],[124.157,-16.776,-235.954,-0.942,0,-0.337,0,1,0,0.337,0,-0.942,-15.065,0,5.389,"S","J"],[124.105,-16.776,-235.936,-0.942,0,-0.337,0,1,0,0.337,0,-0.942,-15.065,0,5.39,"S","J"],[123.979,-16.776,-235.895,-0.918,0,-0.397,0,1,0,0.397,0,-0.918,-14.774,0,4.248,"S","J"],[123.941,-16.776,-235.895,-0.816,0,-0.579,0,1,0.001,0.579,0.001,-0.816,-13.851,0,0.607,"S","J"],[123.82,-16.333,-235.896,-0.724,0,-0.689,-0.002,1,0.002,0.689,0.003,-0.724,-13.681,53,-0.066,"S","J"],[123.763,-16.115,-235.896,-0.647,0.001,-0.762,-0.003,1,0.003,0.762,0.004,-0.647,-13.682,53,-0.065,3,"J"],[123.685,-15.812,-235.896,-0.497,0.002,-0.868,-0.003,1,0.005,0.868,0.005,-0.497,-13.682,53,-0.064,5,"J"],[123.577,-15.392,-235.897,-0.363,0.003,-0.932,-0.005,1,0.006,0.932,0.007,-0.363,-13.682,52.999,-0.063,3,"J"],[123.52,-15.17,-235.897,-0.265,0.004,-0.964,-0.006,1,0.006,0.964,0.008,-0.265,-13.683,53,-0.063,"S","J"],[123.404,-14.724,-235.898,-0.154,0.005,-0.988,-0.008,1,0.006,0.988,0.009,-0.154,-13.683,53,-0.063,"S","J"],[123.367,-14.578,-235.898,-0.133,0.005,-0.991,-0.009,1,0.006,0.991,0.01,-0.132,-13.683,53,-0.065,"S","J"],[123.244,-14.102,-235.899,-0.112,0.006,-0.994,-0.012,1,0.007,0.994,0.013,-0.112,-13.684,53,-0.064,5,"J"],[123.163,-13.788,-235.899,-0.115,0.006,-0.993,-0.014,1,0.008,0.993,0.014,-0.115,-13.684,53,-0.064,3,"J"],[123.066,-13.415,-235.899,-0.143,0.006,-0.99,-0.015,1,0.008,0.99,0.016,-0.143,-13.684,53,-0.065,5,"J"],[123.026,-13.259,-235.9,-0.199,0.004,-0.98,-0.016,1,0.007,0.98,0.017,-0.199,-13.684,53,-0.066,3,"J"],[122.958,-12.994,-235.9,-0.268,0.004,-0.964,-0.017,1,0.009,0.963,0.019,-0.267,-13.685,53,-0.065,"S","J"],[122.829,-12.496,-235.9,-0.43,0,-0.903,-0.019,1,0.009,0.902,0.022,-0.43,-13.685,53,-0.066,"S","J"],[122.718,-12.064,-235.901,-0.538,-0.003,-0.843,-0.021,1,0.011,0.843,0.024,-0.538,-13.686,53,-0.066,"S","J"],[122.658,-11.834,-235.901,-0.612,-0.004,-0.791,-0.021,1,0.011,0.791,0.024,-0.612,-13.59,52.686,0.08,5,"J"],[122.594,-11.583,-235.898,-0.704,-0.006,-0.71,-0.018,1,0.01,0.71,0.02,-0.704,-13.315,51.735,0.589,"S","J"],[122.488,-11.172,-235.887,-0.792,-0.005,-0.611,-0.013,1,0.008,0.611,0.014,-0.792,-12.936,50.145,1.608,"S","J"],[122.388,-10.793,-235.867,-0.865,-0.004,-0.502,-0.008,1,0.005,0.502,0.008,-0.865,-12.775,48.621,2.745,"S","J"],[122.326,-10.562,-235.852,-0.899,-0.003,-0.437,-0.005,1,0.003,0.437,0.005,-0.899,-12.763,47.673,3.468,"S","J"],[122.279,-10.389,-235.836,-0.919,-0.002,-0.394,-0.004,1,0.002,0.394,0.003,-0.919,-12.873,46.946,4.013,"S","J"],[122.168,-9.997,-235.795,-0.906,-0.001,-0.423,-0.002,1,0,0.423,0.001,-0.906,-12.936,45.266,5.102,"S","J"],[122.119,-9.824,-235.774,-0.868,-0.001,-0.497,-0.001,1,0,0.497,0.001,-0.868,-12.445,44.503,5.368,"S","J"],[122.05,-9.568,-235.74,-0.84,-0.001,-0.543,-0.001,1,0,0.543,0,-0.84,-11.683,43.344,5.731,"S","J"],[121.972,-9.269,-235.698,-0.788,0,-0.616,0,1,0,0.616,0,-0.788,-10.764,41.962,6.135,"S","J"],[121.902,-8.981,-235.652,-0.723,0,-0.691,0,1,0,0.691,0,-0.723,-9.818,40.573,6.485,"S","J"],[121.851,-8.76,-235.615,-0.68,0,-0.734,0,1,0,0.734,0,-0.68,-9.066,39.486,6.729,"S","J"],[121.808,-8.561,-235.579,-0.637,0,-0.771,0,1,0,0.771,0,-0.637,-8.345,38.468,6.902,"S","J"],[121.749,-8.272,-235.525,-0.557,0,-0.83,0,1,0,0.83,0,-0.557,-7.261,36.948,7.123,"S","J"],[121.726,-8.145,-235.499,-0.514,0,-0.858,0,1,0,0.858,0,-0.514,-6.764,36.258,7.196,"S","J"],[121.683,-7.892,-235.447,-0.442,0,-0.897,0,1,0,0.897,0,-0.442,-5.744,34.849,7.312,"S","J"],[121.663,-7.759,-235.419,-0.391,0,-0.92,0,1,0,0.92,0,-0.391,-5.188,34.086,7.341,"S","J"],[121.625,-7.466,-235.353,-0.334,0,-0.942,0,1,0,0.942,0,-0.334,-3.913,32.335,7.327,"S","J"],[121.607,-7.298,-235.314,-0.296,0,-0.955,0,1,0,0.955,0,-0.296,-3.15,31.286,7.27,"S","J"],[121.598,-7.186,-235.287,-0.273,0,-0.962,0,1,0,0.962,0,-0.273,-2.621,30.556,7.211,"S","J"],[121.584,-6.968,-235.234,-0.225,0,-0.974,0,1,0,0.974,0,-0.225,-1.575,29.109,7.077,"S","J"],[121.581,-6.835,-235.202,-0.187,0,-0.982,0,1,0,0.982,0,-0.187,-0.907,28.179,6.967,"S","J"],[121.579,-6.629,-235.15,-0.159,0,-0.987,0,1,0,0.987,0,-0.159,0.158,26.688,6.754,"S","J"],[121.583,-6.507,-235.119,-0.137,0,-0.991,0,1,0,0.991,0,-0.137,0.812,25.765,6.595,"S","J"],[121.591,-6.382,-235.087,-0.122,0,-0.993,0,1,0,0.993,0,-0.122,1.51,24.772,6.402,"S","J"],[121.603,-6.241,-235.05,-0.106,0,-0.994,0,1,0,0.994,0,-0.106,2.323,23.611,6.166,"S","J"],[121.633,-6.035,-234.995,-0.087,0,-0.996,0,1,0,0.996,0,-0.087,3.58,21.808,5.781,"S","J"],[121.657,-5.92,-234.965,-0.072,0,-0.997,0,1,0,0.997,0,-0.072,4.337,20.711,5.524,"S","J"],[121.692,-5.782,-234.928,-0.059,0,-0.998,0,1,0,0.998,0,-0.059,5.279,19.338,5.187,"S","J"],[121.735,-5.659,-234.891,-0.059,0,-0.998,0,1,0,0.998,0,-0.059,5.247,15.19,4.581,12,"J"],[121.761,-5.591,-234.868,-0.059,0,-0.998,0,1,0,0.998,0,-0.059,4.669,12.006,4.076,"S","J"],[121.777,-5.546,-234.854,-0.059,0,-0.998,0,1,0,0.998,0,-0.059,4.25,11.519,3.711,"S","J"],[121.792,-5.5,-234.841,-0.059,0,-0.998,0,1,0,0.998,0,-0.059,3.818,11.331,3.333,"S","J"],[121.819,-5.401,-234.816,-0.059,0,-0.998,0,1,0,0.998,0,-0.059,2.865,11.216,2.502,"S","J"],[121.831,-5.342,-234.806,-0.059,0,-0.998,0,1,0,0.998,0,-0.059,2.293,11.206,2.002,"S","J"],[121.845,-5.255,-234.794,-0.059,0,-0.998,0,1,0,0.998,0,-0.059,1.464,11.2,1.278,"S","J"],[121.848,-5.209,-234.791,-0.059,0,-0.998,0,1,0,0.998,0,-0.059,1.015,11.2,0.886,"S","J"],[121.852,-5.135,-234.788,-0.059,0,-0.998,0,1,0,0.998,0,-0.059,0.329,11.2,0.288,"S","J"],[121.852,-5.055,-234.788,-0.059,0,-0.998,0,1,0,0.998,0,-0.059,0.085,11.2,0.075,"S","J"],[121.853,-4.977,-234.787,-0.059,0,-0.998,0,1,0,0.998,0,-0.059,0.013,11.2,0.011,"S","J"],[121.853,-4.923,-234.787,-0.059,0,-0.998,0,1,0,0.998,0,-0.059,0.005,11.2,0.004,"S","J"],[121.853,-4.85,-234.787,-0.059,0,-0.998,0,1,0,0.998,0,-0.059,0.001,11.2,0.001,"S","J"],[121.853,-4.816,-234.787,-0.059,0,-0.998,0,1,0,0.998,0,-0.059,0,6.823,0,"S","J"],[121.853,-4.812,-2