[[138.837,-16.693,-244.088,-0.837,0,0.547,0,1,0,-0.547,0,-0.837,-8.75,0,13.396,8,0],[138.81,-16.693,-244.045,-0.837,0,0.547,0,1,0,-0.547,0,-0.837,-8.75,0,13.396,"S","J"],[138.741,-16.693,-243.939,-0.837,0,0.547,0,1,0,-0.547,0,-0.837,"v","S","J"],[138.696,-16.693,-243.872,-0.837,0,0.547,0,1,0,-0.547,0,-0.837,"v","S","J"],[138.62,-16.693,-243.754,-0.837,0,0.547,0,1,0,-0.547,0,-0.837,"v","S","J"],[138.587,-16.693,-243.704,-0.837,0,0.547,0,1,0,-0.547,0,-0.837,"v","S","J"],[138.522,-16.693,-243.606,-0.837,0,0.547,0,1,0,-0.547,0,-0.837,"v","S","J"],[138.473,-16.693,-243.529,-0.837,0,0.547,0,1,0,-0.547,0,-0.837,"v","S","J"],[138.444,-16.693,-243.486,-0.837,0,0.547,0,1,0,-0.547,0,-0.837,"v","S","J"],[138.389,-16.693,-243.402,-0.836,0,0.549,0,1,0,-0.549,0,-0.836,"v","S","J"],[138.334,-16.693,-243.317,-0.834,0,0.551,0,1,0,-0.551,0,-0.834,"v","S","J"],[138.269,-16.693,-243.217,-0.834,0,0.552,0,1,0,-0.552,0,-0.834,-8.778,0,13.377,"S","J"],[138.223,-16.693,-243.148,-0.834,0,0.552,0,1,0,-0.552,0,-0.834,-8.811,0,13.355,"S","J"],[138.156,-16.693,-243.047,-0.834,0,0.552,0,1,0,-0.552,0,-0.834,-8.832,0,13.342,"S","J"],[138.107,-16.693,-242.973,-0.832,0,0.555,0,1,0,-0.555,0,-0.832,-8.836,0,13.339,"S","J"],[138.053,-16.693,-242.891,-0.832,0,0.555,0,1,0,-0.555,0,-0.832,-8.837,0,13.338,"S","J"],[137.996,-16.693,-242.806,-0.832,0,0.555,0,1,0,-0.555,0,-0.832,-8.861,0,13.322,"S","J"],[137.959,-16.693,-242.75,-0.832,0,0.555,0,1,0,-0.555,0,-0.832,-8.874,0,13.314,"S","J"],[137.891,-16.693,-242.648,-0.832,0,0.555,0,1,0,-0.555,0,-0.832,-8.879,0,13.31,"S","J"],[137.854,-16.693,-242.592,-0.832,0,0.555,0,1,0,-0.555,0,-0.832,-8.88,0,13.309,"S","J"],[137.768,-16.693,-242.464,-0.832,0,0.555,0,1,0,-0.555,0,-0.832,-8.881,0,13.309,"S","J"],[137.742,-16.693,-242.425,-0.832,0,0.555,0,1,0,-0.555,0,-0.832,"v","S","J"],[137.666,-16.693,-242.311,-0.832,0,0.555,0,1,0,-0.555,0,-0.832,"v","S","J"],[137.627,-16.693,-242.252,-0.832,0,0.555,0,1,0,-0.555,0,-0.832,"v","S","J"],[137.595,-16.693,-242.205,-0.832,0,0.555,0,1,0,-0.555,0,-0.832,"v","S","J"],[137.51,-16.693,-242.076,-0.832,0,0.555,0,1,0,-0.555,0,-0.832,"v","S","J"],[137.483,-16.693,-242.037,-0.832,0,0.555,0,1,0,-0.555,0,-0.832,"v","S","J"],[137.42,-16.693,-241.943,-0.832,0,0.555,0,1,0,-0.555,0,-0.832,"v","S","J"],[137.367,-16.693,-241.863,-0.832,0,0.555,0,1,0,-0.555,0,-0.832,"v","S","J"],[137.297,-16.693,-241.758,-0.832,0,0.555,0,1,0,-0.555,0,-0.832,"v","S","J"],[137.257,-16.693,-241.697,-0.832,0,0.555,0,1,0,-0.555,0,-0.832,"v","S","J"],[137.177,-16.693,-241.577,-0.832,0,0.555,0,1,0,-0.555,0,-0.832,"v","S","J"],[137.152,-16.693,-241.541,-0.832,0,0.555,0,1,0,-0.555,0,-0.832,"v","S","J"],[137.075,-16.693,-241.425,-0.832,0,0.555,0,1,0,-0.555,0,-0.832,"v","S","J"],[137.047,-16.693,-241.384,-0.832,0,0.555,0,1,0,-0.555,0,-0.832,"v","S","J"],[136.999,-16.693,-241.311,-0.832,0,0.555,0,1,0,-0.555,0,-0.832,"v","S","J"],[136.91,-16.693,-241.178,-0.832,0,0.555,0,1,0,-0.555,0,-0.832,"v","S","J"],[136.889,-16.693,-241.146,-0.832,0,0.555,0,1,0,-0.555,0,-0.832,"v","S","J"],[136.846,-16.693,-241.082,-0.832,0,0.555,0,1,0,-0.555,0,-0.832,"v","S","J"],[136.784,-16.693,-240.988,-0.832,0,0.555,0,1,0,-0.555,0,-0.832,"v","S","J"],[136.691,-16.693,-240.849,-0.832,0,0.555,0,1,0,-0.555,0,-0.832,"v","S","J"],[136.659,-16.693,-240.802,-0.832,0,0.555,0,1,0,-0.555,0,-0.832,"v","S","J"],[136.608,-16.694,-240.725,-0.832,0,0.555,0,1,0,-0.555,0,-0.832,-8.881,-0.067,13.309,"S","J"],[136.548,-16.698,-240.635,-0.832,0,0.555,0,1,0,-0.555,0,-0.832,-8.881,-0.295,13.309,"S","J"],[136.507,-16.698,-240.575,-0.832,0,0.555,0,1,0,-0.555,0,-0.832,-8.881,-0.107,13.309,"S","J"],[136.436,-16.699,-240.468,-0.832,0,0.555,0,1,0,-0.555,0,-0.832,-8.881,-0.015,13.309,"S","J"],[136.404,-16.699,-240.42,-0.832,0,0.555,0,1,0,-0.555,0,-0.832,-8.881,-0.007,13.309,"S","J"],[136.356,-16.704,-240.348,-0.832,0,0.555,0,1,0,-0.555,0,-0.832,-8.881,-1.015,13.309,"S","J"],[136.294,-16.718,-240.254,-0.832,0,0.555,0,1,0,-0.555,0,-0.832,-8.881,-2.395,13.309,"S","J"],[136.231,-16.724,-240.161,-0.832,0,0.555,0,1,0,-0.555,0,-0.832,-8.881,-0.677,13.309,"S","J"],[136.164,-16.727,-240.06,-0.832,0,0.555,0,1,0,-0.555,0,-0.832,-8.881,-0.474,13.309,"S","J"],[136.143,-16.729,-240.028,-0.832,0,0.555,0,1,0,-0.555,0,-0.832,-8.881,-0.947,13.309,"S","J"],[136.077,-16.738,-239.929,-0.832,0,0.555,0,1,0,-0.555,0,-0.832,-8.881,-0.694,13.309,"S","J"],[136.017,-16.74,-239.839,-0.832,0,0.555,0,1,0,-0.555,0,-0.832,-8.881,-0.205,13.309,"S","J"],[135.958,-16.741,-239.751,-0.832,0,0.555,0,1,0,-0.555,0,-0.832,-8.881,-0.04,13.309,"S","J"],[135.908,-16.748,-239.676,-0.832,0,0.555,0,1,0,-0.555,0,-0.832,-8.881,-1.132,13.309,"S","J"],[135.854,-16.753,-239.595,-0.832,0,0.555,0,1,0,-0.555,0,-0.832,-8.881,-0.823,13.309,"S","J"],[135.809,-16.755,-239.528,-0.832,0,0.555,0,1,0,-0.555,0,-0.832,-8.881,-0.233,13.309,"S","J"],[135.736,-16.755,-239.417,-0.832,0,0.555,0,1,0,-0.555,0,-0.832,-8.881,-0.033,13.309,"S","J"],[135.698,-16.755,-239.362,-0.832,0,0.555,0,1,0,-0.555,0,-0.832,-8.881,-0.012,13.309,"S","J"],[135.661,-16.755,-239.306,-0.832,0,0.555,0,1,0,-0.555,0,-0.832,-8.881,-0.005,13.309,"S","J"],[135.575,-16.755,-239.177,-0.832,0,0.555,0,1,0,-0.555,0,-0.832,-8.881,-0.001,13.309,"S","J"],[135.537,-16.755,-239.12,-0.832,0,0.555,0,1,0,-0.555,0,-0.832,-8.881,0,13.309,"S","J"],[135.471,-16.755,-239.021,-0.832,0,0.555,0,1,0,-0.555,0,-0.832,"v","S","J"],[135.445,-16.755,-238.982,-0.832,0,0.555,0,1,0,-0.555,0,-0.832,"v","S","J"],[135.385,-16.755,-238.893,-0.832,0,0.555,0,1,0,-0.555,0,-0.832,"v","S","J"],[135.29,-16.755,-238.751,-0.832,0,0.555,0,1,0,-0.555,0,-0.832,"v","S","J"],[135.248,-16.755,-238.687,-0.832,0,0.555,0,1,0,-0.555,0,-0.832,"v","S","J"],[135.204,-16.755,-238.622,-0.832,0,0.555,0,1,0,-0.555,0,-0.832,"v","S","J"],[135.142,-16.755,-238.528,-0.832,0,0.555,0,1,0,-0.555,0,-0.832,-8.881,0,13.309,"S","J"],[135.083,-16.755,-238.44,-0.832,0,0.555,0,1,0,-0.555,0,-0.832,-8.877,0,13.312,"S","J"],[135.041,-16.755,-238.377,-0.832,0,0.555,0,1,0,-0.555,0,-0.832,-8.876,0,13.313,"S","J"],[134.988,-16.755,-238.298,-0.832,0,0.555,0,1,0,-0.555,0,-0.832,-8.875,0,13.313,"S","J"],[134.956,-16.755,-238.249,-0.832,0,0.555,0,1,0,-0.555,0,-0.832,"v","S","J"],[134.877,-16.755,-238.131,-0.832,0,0.555,0,1,0,-0.555,0,-0.832,"v","S","J"],[134.831,-16.755,-238.062,-0.832,0,0.555,0,1,0,-0.555,0,-0.832,"v","S","J"],[134.787,-16.755,-237.996,-0.832,0,0.555,0,1,0,-0.555,0,-0.832,"v","S","J"],[134.735,-16.755,-237.918,-0.832,0,0.555,0,1,0,-0.555,0,-0.832,"v","S","J"],[134.689,-16.755,-237.849,-0.832,0,0.555,0,1,0,-0.555,0,-0.832,"v","S","J"],[134.632,-16.755,-237.762,-0.832,0,0.555,0,1,0,-0.555,0,-0.832,"v","S","J"],[134.573,-16.755,-237.675,-0.832,0,0.555,0,1,0,-0.555,0,-0.832,"v","S","J"],[134.501,-16.755,-237.567,-0.832,0,0.555,0,1,0,-0.555,0,-0.832,"v","S","J"],[134.462,-16.755,-237.508,-0.832,0,0.555,0,1,0,-0.555,0,-0.832,"v","S","J"],[134.402,-16.755,-237.419,-0.832,0,0.555,0,1,0,-0.555,0,-0.832,"v","S","J"],[134.363,-16.755,-237.359,-0.832,0,0.555,0,1,0,-0.555,0,-0.832,"v","S","J"],[134.283,-16.695,-237.24,-0.832,0,0.555,0,1,0,-0.555,0,-0.832,-8.875,14.475,13.313,"S","J"],[134.235,-16.408,-237.168,-0.832,0,0.555,0,1,0,-0.555,0,-0.832,-8.875,52.765,13.313,3,"J"],[134.167,-16.01,-237.066,-0.832,0,0.555,0,1,0,-0.555,0,-0.832,-8.875,51.853,13.313,"S","J"],[134.123,-15.755,-237,-0.832,0,0.555,0,1,0,-0.555,0,-0.832,-8.875,50.869,13.313,"S","J"],[134.095,-15.598,-236.958,-0.832,0,0.555,0,1,0,-0.555,0,-0.832,-8.875,50.255,13.313,5,"J"],[134.008,-15.121,-236.828,-0.832,0,0.555,0,1,0,-0.555,0,-0.832,-8.875,48.341,13.313,"S","J"],[133.976,-14.951,-236.781,-0.832,0,0.555,0,1,0,-0.555,0,-0.832,-8.875,47.639,13.313,"S","J"],[133.92,-14.654,-236.697,-0.832,0,0.555,0,1,0,-0.555,0,-0.832,-8.875,46.397,13.313,"S","J"],[133.88,-14.45,-236.636,-0.832,0,0.555,0,1,0,-0.555,0,-0.832,-8.875,45.514,13.313,"S","J"],[133.796,-14.034,-236.511,-0.832,0,0.555,0,1,0,-0.555,0,-0.832,-8.875,43.661,13.313,"S","J"],[133.734,-13.735,-236.418,-0.832,0,0.555,0,1,0,-0.555,0,-0.832,-8.875,42.292,13.313,"S","J"],[133.698,-13.565,-236.363,-0.832,0,0.555,0,1,0,-0.555,0,-0.832,-8.875,41.487,13.313,"S","J"],[133.646,-13.326,-236.284,-0.832,0,0.555,0,1,0,-0.555,0,-0.832,-8.875,40.327,13.313,"S","J"],[133.612,-13.173,-236.233,-0.832,0,0.555,0,1,0,-0.555,0,-0.832,-8.875,39.566,13.313,"S","J"],[133.51,-12.739,-236.081,-0.831,0,0.556,0,1,0,-0.556,0,-0.831,-8.886,37.324,13.306,"S","J"],[133.471,-12.574,-236.021,-0.831,0,0.556,0,1,0,-0.556,0,-0.831,-8.894,36.441,13.3,"S","J"],[133.439,-12.447,-235.974,-0.831,0,0.556,0,1,0,-0.556,0,-0.831,-8.895,35.743,13.299,"S","J"],[133.375,-12.2,-235.878,-0.831,0,0.556,0,1,0,-0.556,0,-0.831,-8.896,34.338,13.299,"S","J"],[133.312,-11.961,-235.783,-0.831,0,0.556,0,1,0,-0.556,0,-0.831,-8.896,32.928,13.299,"S","J"],[133.27,-11.812,-235.721,-0.831,0,0.556,0,1,0,-0.556,0,-0.831,-8.896,32.018,13.299,"S","J"],[133.205,-11.586,-235.624,-0.831,0,0.556,0,1,0,-0.556,0,-0.831,-8.896,30.586,13.299,"S","J"],[133.164,-11.452,-235.564,-0.831,0,0.556,0,1,0,-0.556,0,-0.831,-8.896,29.698,13.299,"S","J"],[133.106,-11.262,-235.476,-0.831,0,0.556,0,1,0,-0.556,0,-0.831,-8.896,28.404,13.299,"S","J"],[133.041,-11.064,-235.379,-0.831,0,0.556,0,1,0,-0.556,0,-0.831,-8.896,26.969,13.299,"S","J"],[132.99,-10.914,-235.303,-0.831,0,0.556,0,1,0,-0.556,0,-0.831,-8.896,25.843,13.299,"S","J"],[132.94,-10.774,-235.227,-0.831,0,0.556,0,1,0,-0.556,0,-0.831,-8.896,24.735,13.299,"S","J"],[132.876,-10.604,-235.132,-0.831,0,0.556,0,1,0,-0.556,0,-0.831,-8.896,23.327,13.299,"S","J"],[132.821,-10.465,-235.049,-0.831,0,0.556,0,1,0,-0.556,0,-0.831,-8.896,22.103,13.299,"S","J"],[132.775,-10.355,-234.98,-0.831,0,0.556,0,1,0,-0.556,0,-0.831,-8.896,21.085,13.299,"S","J"],[132.732,-10.257,-234.916,-0.831,0,0.556,0,1,0,-0.556,0,-0.831,-8.896,20.144,13.299,"S","J"],[132.675,-10.138,-234.833,-0.831,0,0.556,0,1,0,-0.556,0,-0.831,-8.896,18.902,13.299,"S","J"],[132.62,-10.027,-234.751,-0.831,0,0.556,0,1,0,-0.556,0,-0.831,-8.896,17.695,13.299,"S","J"],[132.564,-9.923,-234.666,-0.831,0,0.556,0,1,0,-0.556,0,-0.831,-8.896,16.457,13.299,"S","J"],[132.5,-9.811,-234.57,-0.831,0,0.556,0,1,0,-0.556,0,-0.831,-8.896,15.035,13.299,"S","J"],[132.478,-9.775,-234.537,-0.831,0,0.556,0,1,0,-0.556,0,-0.831,-8.896,14.547,13.299,"S","J"],[132.403,-9.662,-234.425,-0.831,0,0.556,0,1,0,-0.556,0,-0.831,-8.896,12.893,13.299,"S","J"],[132.298,-9.531,-234.269,-0.831,0,0.556,0,1,0,-0.556,0,-0.831,-8.896,10.582,13.299,"S","J"],[132.235,-9.463,-234.174,-0.831,0,0.556,0,1,0,-0.556,0,-0.831,-8.896,9.183,13.299,"S","J"],[132.182,-9.413,-234.095,-0.831,0,0.556,0,1,0,-0.556,0,-0.831,-8.896,8.026,13.299,"S","J"],[132.133,-9.374,-234.021,-0.831,0,0.556,0,1,0,-0.556,0,-0.831,-8.896,6.926,13.299,"S","J"],[132.071,-9.333,-233.929,-0.831,0,0.556,0,1,0,-0.556,0,-0.831,-8.896,5.574,13.299,"S","J"],[132.012,-9.305,-233.842,-0.831,0,0.556,0,1,0,-0.556,0,-0.831,-8.896,4.292,13.299,"S","J"],[131.933,-9.277,-233.722,-0.831,0,0.556,0,1,0,-0.556,0,-0.831,-8.896,2.525,13.299,"S","J"],[131.911,-9.272,-233.691,-0.88,0,0.475,0,1,0,-0.475,0,-0.88,-8.787,2.047,13.136,"S","J"],[131.876,-9.267,-233.638,-0.965,0,0.26,0,1,0,-0.26,0,-0.965,-8.457,1.233,12.644,"S","J"],[131.812,-9.268,-233.541,-0.99,0,0.139,0,1,0,-0.139,0,-0.99,-7.805,-0.378,11.668,"S","J"],[131.777,-9.281,-233.489,-0.997,0,0.081,0,1,0,-0.081,0,-0.997,-6.802,-2.327,10.168,7,"J"],[131.738,-9.324,-233.431,-1,0,-0.03,0,1,0,0.03,0,-1,-4.17,-6.426,6.233,"S","J"],[131.726,-9.358,-233.414,-0.996,0,-0.092,0,1,0,0.092,0,-0.996,-2.59,-7.425,3.871,"S","J"],[131.72,-9.406,-233.406,-0.989,0,-0.145,0,1,0,0.145,0,-0.989,-1.193,-8.522,1.784,"S","J"],[131.718,-9.464,-233.402,-0.984,0,-0.179,0,1,0,0.179,0,-0.984,-0.224,-9.746,0.335,"S","J"],[131.718,-9.564,-233.401,-0.981,0,-0.196,0,1,0,0.196,0,-0.981,-0.025,-11.524,0.038,"S","J"],[131.717,-9.61,-233.401,-0.98,0,-0.198,0,1,0,0.198,0,-0.98,-0.01,-12.258,0.015,"S","J"],[131.717,-9.708,-233.401,-0.98,0,-0.198,0,1,0,0.198,0,-0.98,-0.003,-13.681,0.004,"S","J"],[131.717,-9.766,-233.401,-0.98,0,-0.198,0,1,0,0.198,0,-0.98,-0.001,-11.446,0.001,8,"J"],[131.717,-9.709,-233.401,-0.98,0,-0.198,0,1,0,0.198,0,-0.98,0,13.752,0,"S","J"],[131.717,-9.3,-233.401,-0.98,0,-0.198,0,1,0,0.198,0,-0.98,0,52.514,0,3,"J"],[131.717,-9.031,-233.401,-0.98,0,-0.198,0,1,0,0.198,0,-0.98,0,51.835,0,"S","J"],[131.717,-8.73,-233.401,-0.98,0,-0.198,0,1,0,0.198,0,-0.98,0,50.67,0,5,"J"],[131.717,-8.369,-233.401,-0.98,0,-0.198,0,1,0,0.198,0,-0.98,0,49.243,0,"S","J"],[131.717,-8.089,-233.401,-0.98,0,-0.198,0,1,0,0.198,0,-0.98,0,48.099,0,"S","J"],[131.717,-7.793,-233.401,-0.98,0,-0.197,0,1,0,0.197,0,-0.98,0,46.871,0,"S","J"],[131.717,-7.481,-233.401,-0.981,0,-0.196,0,1,0,0.196,0,-0.981,0,45.532,0,"S","J"],[131.717,-7.199,-233.401,-0.981,0,-0.196,0,1,0,0.196,0,-0.981,0,44.292,0,"S","J"],[131.717,-7.09,-233.401,-0.981,0,-0.196,0,1,0,0.196,0,-0.981,0,43.802,0,"S","J"],[131.717,-6.754,-233.401,-0.981,0,-0.196,0,1,0,0.196,0,-0.981,0,42.255,0,"S","J"],[131.717,-6.548,-233.401,-0.981,0,-0.196,0,1,0,0.196,0,-0.981,0,41.277,0,"S","J"],[131.717,-6.233,-233.401,-0.981,0,-0.196,0,1,0,0.196,0,-0.981,0,39.74,0,"S","J"],[131.717,-6.08,-233.401,-0.981,0,-0.196,0,1,0,0.196,0,-0.981,0,38.966,0,"S","J"],[131.717,-5.746,-233.401,-0.981,0,-0.196,0,1,0,0.196,0,-0.981,0,37.228,0,"S","J"],[131.717,-5.619,-233.401,-0.981,0,-0.196,0,1,0,0.196,0,-0.981,0,36.545,0,"S","J"],[131.717,-5.286,-233.401,-0.981,0,-0.196,0,1,0,0.196,0,-0.981,0,34.688,0,"S","J"],[131.717,-5.183,-233.401,-0.981,0,-0.196,0,1,0,0.196,0,-0.981,0,34.094,0,"S","J"],[131.717,-4.918,-233.401,-0.981,0,-0.196,0,1,0,0.196,0,-0.981,0,32.515,0,"S","J"],[131.717,-4.765,-233.401,-0.981,0,-0.196,0,1,0,0.196,0,-0.981,0,31.566,0,"S","J"],[131.717,-4.653,-233.401,-0.981,0,-0.196,0,1,0,0.196,0,-0.981,0,30.849,0,"S","J"],[131.717,-4.407,-233.401,-0.981,0,-0.196,0,1,0,0.196,0,-0.981,0,29.223,0,"S","J"],[131.717,-4.16,-233.401,-0.981,0,-0.196,0,1,0,0.196,0,-0.981,0,27.491,0,"S","J"],[131.717,-4.032,-233.401,-0.981,0,-0.196,0,1,0,0.196,0,-0.981,0,26.542,0,"S","J"],[131.717,-3.958,-233.401,-0.981,0,-0.196,0,1,0,0.196,0,-0.981,0,25.983,0,"S","J"],[131.717,-3.778,-233.401,-0.981,0,-0.196,0,1,0,0.196,0,-0.981,0,24.561,0,"S","J"],[131.717,-3.625,-233.401,-0.981,0,-0.196,0,1,0,0.196,0,-0.981,0,23.279,0,"S","J"],[131.717,-3.493,-233.401,-0.981,0,-0.196,0,1,0,0.196,0,-0.981,0,22.116,0,"S","J"],[131.717,-3.354,-233.401,-0.981,0,-0.196,0,1,0,0.196,0,-0.981,0,20.822,0,"S","J"],[131.718,-3.188,-233.396,-0.989,0,-0.147,0,1,0,0.147,0,-0.989,0.163,19.16,0.814,"S","J"],[131.719,-3.098,-233.389,-0.993,0,-0.114,0,1,0,0.114,0,-0.993,0.279,18.199,1.505,"S","J"],[131.722,-2.993,-233.374,-0.995,0,-0.096,0,1,0,0.096,0,-0.995,0.388,16.986,2.382,"S","J"],[131.726,-2.859,-233.347,-0.997,0,-0.077,0,1,0,0.077,0,-0.997,0.517,15.32,3.59,"S","J"],[131.729,-2.782,-233.325,-0.998,0,-0.064,0,1,0,0.064,0,-0.998,0.582,14.292,4.336,"S","J"],[131.731,-2.73,-233.306,-0.999,0,-0.051,0,1,0,0.051,0,-0.999,0.617,13.519,4.897,"S","J"],[131.737,-2.632,-233.261,-0.999,0,-0.034,0,1,0,0.034,0,-0.999,0.665,11.971,6.025,"S","J"],[131.74,-2.571,-233.223,-1,0,-0.017,0,1,0,0.017,0,-1,0.672,10.873,6.826,"S","J"],[131.744,-2.511,-233.179,-1,0,-0.005,0,1,0,0.005,0,-1,0.665,9.72,7.666,"S","J"],[131.747,-2.475,-233.145,-1,0,0.007,0,1,0,-0.007,0,-1,0.642,8.892,8.268,"S","J"],[131.75,-2.424,-233.082,-1,0,0.019,0,1,0,-0.019,0,-1,0.564,7.592,9.212,"S","J"],[131.754,-2.372,-233,-1,0,0.024,0,1,0,-0.024,0,-1,0.443,5.978,10.383,"S","J"],[131.757,-2.339,-232.926,-0.996,0,0.085,0,1,0,-0.085,0,-0.996,0.327,4.669,11.33,"S","J"],[131.758,-2.312,-232.839,-0.988,0,0.157,0,1,0,-0.157,0,-0.988,0.179,3.257,12.348,"S","J"],[131.758,-2.305,-232.802,-0.983,0,0.185,0,1,0,-0.185,0,-0.983,-0.014,2.69,12.706,"S","J"],[131.757,-2.298,-232.76,-0.975,0,0.221,0,1,0,-0.221,0,-0.975,-0.287,2.056,13.078,"S","J"],[131.752,-2.292,-232.683,-0.958,0,0.288,0,1,0,-0.288,0,-0.958,-0.859,0.948,13.643,"S","J"],[131.736,-2.296,-232.548,-0.942,0,0.335,0,1,0,-0.335,0,-0.942,-2.035,-0.933,14.342,"S","J"],[131.715,-2.199,-232.468,-0.918,0,0.398,0,1,0,-0.398,0,-0.918,-3.89,17.446,14.596,7,"J"],[131.683,-2.018,-232.368,-0.905,0,0.425,0,1,0,-0.425,0,-0.905,-4.954,27.795,14.65,"S","J"],[131.648,-1.832,-232.281,-0.879,0,0.477,0,1,0,-0.477,0,-0.879,-5.231,28.574,13.258,"S","J"],[131.62,-1.643,-232.209,-0.872,0,0.49,0,1,0,-0.49,0,-0.872,-3.691,26.984,9.354,"S","J"],[131.604,-1.487,-232.17,-0.869,0,0.495,0,1,0,-0.495,0,-0.869,-2.272,24.863,5.759,"S","J"],[131.6,-1.425,-232.16,-0.868,0,0.496,0,1,0,-0.496,0,-0.868,-1.727,24.356,4.377,"S","J"],[131.596,-1.242,-232.148,-0.867,0,0.499,0,1,0,-0.499,0,-0.867,-0.334,22.813,0.846,"S","J"],[131.595,-1.11,-232.147,-0.867,0,0.499,0,1,0,-0.499,0,-0.867,-0.101,21.617,0.258,"S","J"],[131.595,-0.96,-232.146,-0.867,0,0.499,0,1,0,-0.499,0,-0.867,-0.016,20.184,0.042,8,"J"],[131.595,-0.815,-232.146,-0.867,0,0.499,0,1,0,-0.499,0,-0.867,-0.003,18.694,0.006,7,"J"],[131.595,-0.752,-232.146,-0.867,0,0.499,0,1,0,-0.499,0,-0.867,-0.001,18.017,0.003,"S","J"],[131.595,-0.614,-232.146,-0.867,0,0.499,0,1,0,-0.499,0,-0.867,0,16.396,0,"S","J"],[131.595,-0.363,-232.146,-0.867,0,0.499,0,1,0,-0.499,0,-0.867,0,52.896,0,8,"J"],[131.595,-0.179,-232.146,-0.867,0,0.499,0,1,0,-0.499,0,-0.867,0,52.199,0,3,"J"],[131.595,0.302,-232.146,-0.867,0,0.499,0,1,0,-0.499,0,-0.867,0,50.347,0,5,"J"],[131.595,0.469,-232.146,-0.867,0,0.499,0,1,0,-0.499,0,-0.867,0,49.686,0,"S","J"],[131.595,0.822,-232.146,-0.867,0,0.499,0,1,0,-0.499,0,-0.867,0,48.258,0,"S","J"],[131.595,1.135,-232.146,-0.867,0,0.499,0,1,0,-0.499,0,-0.867,0,46.954,0,"S","J"],[131.595,1.449,-232.146,-0.867,0,0.499,0,1,0,-0.499,0,-0.867,0,45.618,0,"S","J"],[131.595,1.7,-232.146,-0.867,0,0.499,0,1,0,-0.499,0,-0.867,0,44.508,0,"S","J"],[131.595,2.034,-232.146,-0.867,0,0.499,0,1,0,-0.499,0,-0.867,0,43.001,0,"S","J"],[131.595,2.202,-232.146,-0.867,0,0.499,0,1,0,-0.499,0,-0.867,-0.057,42.216,0.098,"S","J"],[131.593,2.397,-232.142,-0.867,0,0.499,0,1,0,-0.499,0,-0.867,-0.393,41.291,0.684,"S","J"],[131.588,2.684,-232.133,-0.867,0,0.499,0,1,0,-0.499,0,-0.867,-0.9,39.896,1.565,"S","J"],[131.577,2.984,-232.114,-0.865,0,0.501,0,1,0,-0.501,0,-0.865,-1.456,38.364,2.532,"S","J"],[131.566,3.213,-232.095,-0.862,0,0.507,0,1,0,-0.507,0,-0.862,-1.891,37.166,3.289,"S","J"],[131.556,3.363,-232.079,-0.858,0,0.514,0,1,0,-0.514,0,-0.858,-2.186,36.359,3.799,"S","J"],[131.534,3.66,-232.041,-0.849,0,0.528,0,1,0,-0.528,0,-0.849,-2.805,34.698,4.838,"S","J"],[131.517,3.842,-232.011,-0.84,0,0.542,0,1,0,-0.542,0,-0.84,-3.226,33.634,5.489,"S","J"],[131.489,4.087,-231.964,-0.836,0,0.549,0,1,0,-0.549,0,-0.836,-3.823,32.155,6.387,"S","J"],[131.461,4.293,-231.918,-0.831,0,0.557,0,1,0,-0.557,0,-0.831,-4.353,30.861,7.167,"S","J"],[131.446,4.39,-231.894,-0.825,0,0.565,0,1,0,-0.565,0,-0.825,-4.617,30.235,7.54,"S","J"],[131.4,4.649,-231.82,-0.817,0,0.577,0,1,0,-0.577,0,-0.817,-5.375,28.483,8.566,"S","J"],[131.376,4.766,-231.782,-0.813,0,0.582,0,1,0,-0.582,0,-0.813,-5.753,27.654,9.039,"S","J"],[131.33,4.956,-231.712,-0.803,0,0.596,0,1,0,-0.596,0,-0.803,-6.426,26.242,9.817,"S","J"],[131.288,5.109,-231.65,-0.792,0,0.61,0,1,0,-0.61,0,-0.792,-7.012,25.054,10.454,"S","J"],[131.253,5.224,-231.597,-0.786,0,0.618,0,1,0,-0.618,0,-0.786,-7.522,24.118,10.907,"S","J"],[131.195,5.388,-231.518,-0.777,0,0.63,0,1,0,-0.63,0,-0.777,-8.31,22.73,11.541,"S","J"],[131.164,5.466,-231.474,-0.764,0,0.645,0,1,0,-0.645,0,-0.764,-8.736,22.024,11.831,"S","J"],[131.092,5.624,-231.382,-0.757,0,0.653,0,1,0,-0.653,0,-0.757,-9.647,20.536,12.249,"S","J"],[131.043,5.721,-231.322,-0.749,0,0.663,0,1,0,-0.663,0,-0.749,-10.101,19.575,12.252,"S","J"],[130.992,5.812,-231.263,-0.651,0,0.759,0,1,0,-0.759,0,-0.651,-10.461,18.619,12.051,"S","J"],[130.948,5.886,-231.215,-0.651,0,0.759,0,1,0,-0.759,0,-0.651,-10.886,17.806,11.638,"S","J"],[130.899,5.958,-231.167,-0.651,0,0.759,0,1,0,-0.759,0,-0.651,-11.319,16.964,11.218,"S","J"],[130.801,6.088,-231.079,-0.651,0,0.759,0,1,0,-0.759,0,-0.651,-11.988,15.355,10.569,"S","J"],[130.75,6.15,-231.035,-0.651,0,0.759,0,1,0,-0.759,0,-0.651,-12.084,14.516,10.476,"S","J"],[130.652,6.258,-230.95,-0.651,0,0.759,0,1,0,-0.759,0,-0.651,-12.134,12.92,10.428,"S","J"],[130.611,6.299,-230.915,-0.651,0,0.759,0,1,0,-0.759,0,-0.651,-12.138,12.276,10.424,"S","J"],[130.505,6.394,-230.824,-0.651,0,0.759,0,1,0,-0.759,0,-0.651,-12.141,10.556,10.42,"S","J"],[130.438,6.447,-230.767,-0.651,0,0.759,0,1,0,-0.759,0,-0.651,-12.142,9.477,10.42,"S","J"],[130.334,6.518,-230.678,-0.651,0,0.759,0,1,0,-0.759,0,-0.651,-12.142,7.803,10.42,"S","J"],[130.259,6.559,-230.613,-0.651,0,0.759,0,1,0,-0.759,0,-0.651,-12.142,6.583,10.42,"S","J"],[130.201,6.587,-230.563,-0.651,0,0.759,0,1,0,-0.759,0,-0.651,-12.142,5.648,10.42,"S","J"],[130.132,6.614,-230.504,-0.651,0,0.759,0,1,0,-0.759,0,-0.651,-12.142,4.532,10.42,"S","J"],[130.085,6.628,-230.463,-0.651,0,0.759,0,1,0,-0.759,0,-0.651,-12.142,3.772,10.42,"S","J"],[129.983,6.649,-230.376,-0.651,0,0.759,0,1,0,-0.759,0,-0.651,-12.142,2.12,10.42,"S","J"],[129.92,6.655,-230.322,-0.651,0,0.759,0,1,0,-0.759,0,-0.651,-12.142,1.105,10.42,"S","J"],[129.845,6.656,-230.259,-0.592,0,0.806,0,1,0,-0.806,0,-0.592,-12.142,-0.102,10.42,"S","J"],[129.729,6.734,-230.171,-0.59,0,0.808,0,1,0,-0.808,0,-0.59,-12.821,10.441,9.562,7,"J"],[129.673,6.784,-230.13,-0.59,0,0.808,0,1,0,-0.808,0,-0.59,-12.885,11.596,9.482,"S","J"],[129.62,6.832,-230.091,-0.59,0,0.808,0,1,0,-0.808,0,-0.59,-12.908,11.602,9.454,"S","J"],[129.574,6.871,-230.057,-0.59,0,0.808,0,1,0,-0.808,0,-0.59,-12.916,11.126,9.443,"S","J"],[129.466,6.953,-229.979,-0.59,0,0.808,0,1,0,-0.808,0,-0.59,-12.921,9.226,9.437,"S","J"],[129.408,6.989,-229.936,-0.59,0,0.808,0,1,0,-0.808,0,-0.59,-12.921,8.132,9.436,"S","J"],[129.305,7.043,-229.861,-0.59,0,0.808,0,1,0,-0.808,0,-0.59,-12.921,6.316,9.436,"S","J"],[129.258,7.063,-229.826,-0.59,0,0.808,0,1,0,-0.808,0,-0.59,-12.921,5.6,9.436,"S","J"],[129.142,7.104,-229.742,-0.59,0,0.808,0,1,0,-0.808,0,-0.59,-12.921,4.103,9.436,8,"J"],[129.095,7.116,-229.707,-0.59,0,0.808,0,1,0,-0.808,0,-0.59,-12.921,3.612,9.436,7,"J"],[128.976,7.142,-229.621,-0.59,0,0.808,0,1,0,-0.808,0,-0.59,-12.921,2.598,9.436,"S","J"],[128.909,7.154,-229.571,-0.59,0,0.808,0,1,0,-0.808,0,-0.59,-12.921,2.159,9.436,8,"J"],[128.863,7.161,-229.538,-0.59,0,0.808,0,1,0,-0.808,0,-0.59,-12.921,1.899,9.436,"S","J"],[128.745,7.174,-229.452,-0.59,0,0.808,0,1,0,-0.808,0,-0.59,-12.921,1.37,9.436,"S","J"],[128.658,7.182,-229.388,-0.59,0,0.808,0,1,0,-0.808,0,-0.59,-12.921,1.064,9.436,"S","J"],[128.603,7.185,-229.348,-0.59,0,0.808,0,1,0,-0.808,0,-0.59,-12.921,0.914,9.436,"S","J"],[128.498,7.192,-229.271,-0.59,0,0.808,0,1,0,-0.808,0,-0.59,-12.921,0.677,9.436,"S","J"],[128.452,7.194,-229.237,-0.59,0,0.808,0,1,0,-0.808,0,-0.59,-12.921,0.595,9.436,"S","J"],[128.389,7.196,-229.191,-0.59,0,0.808,0,1,0,-0.808,0,-0.59,-12.921,0.498,9.436,"S","J"],[128.296,7.199,-229.125,-0.59,0,0.808,0,1,0,-0.808,0,-0.59,-12.921,0.386,9.436,"S","J"],[128.175,7.202,-229.035,-0.59,0,0.808,0,1,0,-0.808,0,-0.59,-12.921,0.272,9.436,"S","J"],[128.132,7.203,-229.004,-0.59,0,0.808,0,1,0,-0.808,0,-0.59,-12.921,0.241,9.436,"S","J"],[128.084,7.204,-228.969,-0.59,0,0.808,0,1,0,-0.808,0,-0.59,-12.921,0.211,9.436,"S","J"],[127.979,7.205,-228.893,-0.59,0,0.808,0,1,0,-0.808,0,-0.59,-12.921,0.158,9.436,"S","J"],[127.908,7.206,-228.839,-0.59,0,0.808,0,1,0,-0.808,0,-0.59,-12.921,0.128,9.436,"S","J"],[127.861,7.206,-228.806,-0.59,0,0.808,0,1,0,-0.808,0,-0.59,-12.921,0.113,9.436,"S","J"],[127.82,7.206,-228.776,-0.59,0,0.808,0,1,0,-0.808,0,-0.59,-12.921,0.1,9.436,"S","J"],[127.735,7.207,-228.714,-0.59,0,0.808,0,1,0,-0.808,0,-0.59,-12.921,0.08,9.436,"S","J"],[127.657,7.207,-228.657,-0.59,0,0.808,0,1,0,-0.808,0,-0.59,-12.921,0.064,9.436,"S","J"],[127.575,7.208,-228.597,-0.59,0,0.808,0,1,0,-0.808,0,-0.59,-12.921,0.051,9.436,"S","J"],[127.49,7.208,-228.535,-0.59,0,0.808,0,1,0,-0.808,0,-0.59,-12.921,0.04,9.436,"S","J"],[127.402,7.208,-228.471,-0.59,0,0.808,0,1,0,-0.808,0,-0.59,-12.921,0.031,9.436,"S","J"],[127.32,7.208,-228.41,-0.59,0,0.808,0,1,0,-0.808,0,-0.59,-12.921,0.024,9.436,"S","J"],[127.236,7.208,-228.35,-0.59,0,0.808,0,1,0,-0.808,0,-0.59,-12.921,0.02,9.436,"S","J"],[127.171,7.208,-228.302,-0.59,0,0.808,0,1,0,-0.808,0,-0.59,-12.921,0.016,9.436,"S","J"],[127.095,7.209,-228.246,-0.59,0,0.808,0,1,0,-0.808,0,-0.59,-12.921,0.013,9.436,"S","J"],[127.002,7.209,-228.178,-0.59,0,0.808,0,1,0,-0.808,0,-0.59,-12.921,0.01,9.436,"S","J"],[126.944,7.209,-228.136,-0.59,0,0.808,0,1,0,-0.808,0,-0.59,-12.921,0.008,9.436,"S","J"],[126.847,7.209,-228.065,-0.59,0,0.808,0,1,0,-0.808,0,-0.59,-12.921,0.006,9.436,"S","J"],[126.781,7.209,-228.017,-0.59,0,0.808,0,1,0,-0.808,0,-0.59,-12.921,0.005,9.436,"S","J"],[126.686,7.209,-227.948,-0.59,0,0.808,0,1,0,-0.808,0,-0.59,-12.921,0.004,9.436,"S","J"],[126.62,7.209,-227.899,-0.59,0,0.808,0,1,0,-0.808,0,-0.59,-12.921,0.003,9.436,"S","J"],[126.565,7.209,-227.86,-0.59,0,0.808,0,1,0,-0.808,0,-0.59,-12.921,0.003,9.436,"S","J"],[126.462,7.209,-227.784,-0.59,0,0.808,0,1,0,-0.808,0,-0.59,-12.921,0.002,9.436,"S","J"],[126.408,7.209,-227.745,-0.59,0,0.808,0,1,0,-0.808,0,-0.59,"v","S","J"],[126.322,7.209,-227.682,-0.59,0,0.808,0,1,0,-0.808,0,-0.59,-12.921,0.001,9.436,"S","J"],[126.237,7.209,-227.619,-0.59,0,0.808,0,1,0,-0.808,0,-0.59,-12.921,0.001,9.436,"S","J"],[126.169,7.209,-227.57,-0.59,0,0.808,0,1,0,-0.808,0,-0.59,"v","S","J"],[126.074,7.209,-227.501,-0.59,0,0.808,0,1,0,-0.808,0,-0.59,"v","S","J"],[125.968,7.209,-227.423,-0.59,0,0.808,0,1,0,-0.808,0,-0.59,-12.921,0.001,9.436,"S","J"],[125.929,7.209,-227.395,-0.59,0,0.808,0,1,0,-0.808,0,-0.59,-12.921,0,9.436,"S","J"],[125.835,7.209,-227.326,-0.59,0,0.808,0,1,0,-0.808,0,-0.59,-12.921,0,9.436,"S","J"],[125.762,7.209,-227.273,-0.59,0,0.808,0,1,0,-0.808,0,-0.59,"v","S","J"],[125.708,7.209,-227.233,-0.59,0,0.808,0,1,0,-0.808,0,-0.59,"v","S","J"],[125.604,7.209,-227.157,-0.59,0,0.808,0,1,0,-0.808,0,-0.59,"v","S","J"],[125.521,7.209,-227.097,-0.59,0,0.808,0,1,0,-0.808,0,-0.59,"v","S","J"],[125.457,7.209,-227.051,-0.59,0,0.808,0,1,0,-0.808,0,-0.59,"v","S","J"],[125.395,7.209,-227.005,-0.59,0,0.808,0,1,0,-0.808,0,-0.59,"v","S","J"],[125.27,7.209,-226.914,-0.59,0,0.808,0,1,0,-0.808,0,-0.59,"v","S","J"],[125.225,7.209,-226.881,-0.59,0,0.808,0,1,0,-0.808,0,-0.59,"v","S","J"],[125.15,7.209,-226.826,-0.59,0,0.808,0,1,0,-0.808,0,-0.59,"v","S","J"],[125.082,7.209,-226.776,-0.59,0,0.808,0,1,0,-0.808,0,-0.59,"v","S","J"],[124.971,7.209,-226.695,-0.59,0,0.808,0,1,0,-0.808,0,-0.59,"v","S","J"],[124.894,7.209,-226.638,-0.59,0,0.808,0,1,0,-0.808,0,-0.59,"v","S","J"],[124.818,7.209,-226.583,-0.59,0,0.808,0,1,0,-0.808,0,-0.59,"v","S","J"],[124.732,7.209,-226.52,-0.59,0,0.808,0,1,0,-0.808,0,-0.59,"v","S","J"],[124.641,7.209,-226.454,-0.59,0,0.808,0,1,0,-0.808,0,-0.59,"v","S","J"],[124.571,7.209,-226.402,-0.59,0,0.808,0,1,0,-0.808,0,-0.59,"v","S","J"],[124.517,7.209,-226.363,-0.59,0,0.808,0,1,0,-0.808,0,-0.59,"v","S","J"],[124.441,7.209,-226.308,-0.59,0,0.808,0,1,0,-0.808,0,-0.59,"v","S","J"],[124.355,7.434,-226.246,-0.59,0,0.808,0,1,0,-0.808,0,-0.59,-12.921,53.98,9.436,"S","J"],[124.264,7.828,-226.179,-0.59,0,0.808,0,1,0,-0.808,0,-0.59,-12.921,55.502,9.436,3,"J"],[124.201,8.102,-226.132,-0.59,0,0.808,0,1,0,-0.808,0,-0.59,-12.509,54.662,9.135,5,"J"],[124.142,8.367,-226.09,-0.59,0,0.808,0,1,0,-0.808,0,-0.59,-11.942,53.697,8.72,"S","J"],[124.05,8.801,-226.021,-0.59,0,0.808,0,1,0,-0.808,0,-0.59,-10.987,52.077,8.024,"S","J"],[123.992,9.086,-225.979,-0.59,0,0.808,0,1,0,-0.808,0,-0.59,-10.34,50.976,7.551,"S","J"],[123.91,9.498,-225.92,-0.59,0,0.808,0,1,0,-0.808,0,-0.59,-9.72,49.356,7.098,"S","J"],[123.882,9.635,-225.899,-0.59,0,0.808,0,1,0,-0.808,0,-0.59,-10.044,48.806,7.335,"S","J"],[123.819,9.917,-225.853,-0.59,0,0.808,0,1,0,-0.808,0,-0.59,-10.729,47.641,7.835,"S","J"],[123.745,10.224,-225.799,-0.59,0,0.808,0,1,0,-0.808,0,-0.59,-11.485,46.358,8.387,"S","J"],[123.635,10.628,-225.719,-0.59,0,0.808,0,1,0,-0.808,0,-0.59,-12.491,44.594,9.122,"S","J"],[123.576,10.831,-225.676,-0.59,0,0.808,0,1,0,-0.808,0,-0.59,-12.763,43.681,9.32,"S","J"],[123.499,11.085,-225.619,-0.59,0,0.808,0,1,0,-0.808,0,-0.59,-12.874,42.516,9.401,"S","J"],[123.415,11.355,-225.558,-0.59,0,0.808,0,1,0,-0.808,0,-0.59,-12.913,41.234,9.43,"S","J"],[123.323,11.643,-225.491,-0.59,0,0.808,0,1,0,-0.808,0,-0.59,-12.92,39.836,9.435,"S","J"],[123.269,11.805,-225.451,-0.59,0,0.808,0,1,0,-0.808,0,-0.59,-12.921,39.018,9.436,"S","J"],[123.206,11.99,-225.406,-0.59,0,0.808,0,1,0,-0.808,0,-0.59,-12.921,38.063,9.436,"S","J"],[123.113,12.255,-225.338,-0.59,0,0.808,0,1,0,-0.808,0,-0.59,-12.921,36.657,9.436,"S","J"],[123.066,12.387,-225.303,-0.59,0,0.808,0,1,0,-0.808,0,-0.59,-12.921,35.934,9.436,"S","J"],[122.957,12.679,-225.223,-0.59,0,0.808,0,1,0,-0.808,0,-0.59,-12.921,34.281,9.436,"S","J"],[122.886,12.863,-225.172,-0.59,0,0.808,0,1,0,-0.808,0,-0.59,-12.921,33.203,9.436,"S","J"],[122.794,13.092,-225.104,-0.59,0,0.808,0,1,0,-0.808,0,-0.59,-12.921,31.8,9.436,"S","J"],[122.736,13.231,-225.062,-0.59,0,0.808,0,1,0,-0.808,0,-0.59,-12.921,30.921,9.436,"S","J"],[122.619,13.499,-224.976,-0.59,0,0.808,0,1,0,-0.808,0,-0.59,-12.921,29.149,9.436,"S","J"],[122.574,13.597,-224.944,-0.59,0,0.808,0,1,0,-0.808,0,-0.59,-12.921,28.466,9.436,"S","J"],[122.508,13.739,-224.896,-0.59,0,0.808,0,1,0,-0.808,0,-0.59,-12.921,27.457,9.436,"S","J"],[122.394,13.968,-224.813,-0.59,0,0.808,0,1,0,-0.808,0,-0.59,-12.921,25.74,9.436,"S","J"],[122.331,14.088,-224.767,-0.59,0,0.808,0,1,0,-0.808,0,-0.59,-12.921,24.783,9.436,"S","J"],[122.24,14.257,-224.7,-0.59,0,0.808,0,1,0,-0.808,0,-0.59,-12.921,23.394,9.436,"S","J"],[122.161,14.392,-224.642,-0.59,0,0.808,0,1,0,-0.808,0,-0.59,-12.921,22.195,9.436,"S","J"],[122.091,14.509,-224.591,-0.59,0,0.808,0,1,0,-0.808,0,-0.59,-12.921,21.132,9.436,"S","J"],[122.05,14.574,-224.561,-0.59,0,0.808,0,1,0,-0.808,0,-0.59,-12.921,20.501,9.436,"S","J"],[121.966,14.699,-224.5,-0.59,0,0.808,0,1,0,-0.808,0,-0.59,-12.921,19.228,9.436,"S","J"],[121.859,14.849,-224.421,-0.59,0,0.808,0,1,0,-0.808,0,-0.59,-12.921,17.598,9.436,"S","J"],[121.787,14.942,-224.368,-0.59,0,0.808,0,1,0,-0.808,0,-0.59,-12.921,16.508,9.436,"S","J"],[121.73,15.011,-224.327,-0.59,0,0.808,0,1,0,-0.808,0,-0.59,-12.921,15.643,9.436,"S","J"],[121.638,15.114,-224.26,-0.59,0,0.808,0,1,0,-0.808,0,-0.59,-12.921,14.241,9.436,"S","J"],[121.562,15.193,-224.205,-0.59,0,0.808,0,1,0,-0.808,0,-0.59,-12.921,13.101,9.436,"S","J"],[121.495,15.255,-224.156,-0.59,0,0.808,0,1,0,-0.808,0,-0.59,-12.921,12.078,9.436,"S","J"],[121.396,15.34,-224.083,-0.59,0,0.808,0,1,0,-0.808,0,-0.59,-12.921,10.563,9.436,"S","J"],[121.303,15.406,-224.015,-0.59,0,0.808,0,1,0,-0.808,0,-0.59,-12.921,9.165,9.436,"S","J"],[121.248,15.443,-223.975,-0.59,0,0.808,0,1,0,-0.808,0,-0.59,-12.921,8.326,9.436,"S","J"],[121.174,15.484,-223.921,-0.59,0,0.808,0,1,0,-0.808,0,-0.59,-12.921,7.206,9.436,"S","J"],[121.082,15.529,-223.854,-0.59,0,0.808,0,1,0,-0.808,0,-0.59,-12.921,5.81,9.436,"S","J"],[121.033,15.548,-223.818,-0.59,0,0.808,0,1,0,-0.808,0,-0.59,-12.921,5.059,9.436,"S","J"],[120.941,15.609,-223.75,-0.59,0,0.808,0,1,0,-0.808,0,-0.59,-12.285,8.381,8.971,12,"J"],[120.881,15.663,-223.707,-0.626,0,0.78,0,1,0,-0.78,0,-0.626,-10.708,10.628,7.819,"S","J"],[120.804,15.776,-223.647,-0.681,0,0.732,0,1,0,-0.732,0,-0.681,-10.819,15.83,8.374,8,"J"],[120.75,15.865,-223.604,-0.708,0,0.706,0,1,0,-0.706,0,-0.708,-10.777,18.534,8.739,"S","J"],[120.7,15.958,-223.56,-0.73,0,0.683,0,1,0,-0.683,0,-0.73,-9.937,18.233,8.651,"S","J"],[120.629,16.089,-223.491,-0.757,0,0.654,0,1,0,-0.654,0,-0.757,-9.695,17.266,9.482,"S","J"],[120.545,16.223,-223.401,-0.765,0,0.644,0,1,0,-0.644,0,-0.765,-9.952,15.459,10.864,"S","J"],[120.51,16.278,-223.361,-0.767,0,0.642,0,1,0,-0.642,0,-0.767,-9.688,14.648,10.969,"S","J"],[120.443,16.375,-223.283,-0.768,0,0.64,0,1,0,-0.64,0,-0.768,-9.141,13.283,10.711,"S","J"],[120.388,16.458,-223.219,-0.768,0,0.641,0,1,0,-0.641,0,-0.768,-7.754,12.167,9.194,"S","J"],[120.344,16.76,-223.167,-0.767,0,0.641,0,1,0,-0.641,0,-0.767,-7.333,39.547,8.695,"S","J"],[120.299,17.115,-223.113,-0.767,0,0.641,0,1,0,-0.641,0,-0.767,-7.333,57.758,8.695,3,"J"],[120.27,17.35,-223.079,-0.767,0,0.641,0,1,0,-0.641,0,-0.767,-7.081,56.945,8.396,"S","J"],[120.221,17.766,-223.021,-0.767,0,0.641,0,1,0,-0.641,0,-0.767,-6.395,55.486,7.583,5,"J"],[120.18,18.156,-222.971,-0.767,0,0.641,0,1,0,-0.641,0,-0.767,-5.733,54.077,6.798,"S","J"],[120.146,18.489,-222.932,-0.767,0,0.641,0,1,0,-0.641,0,-0.767,-5.156,52.849,6.114,"S","J"],[120.12,18.787,-222.901,-0.767,0,0.641,0,1,0,-0.641,0,-0.767,-4.625,51.718,5.484,"S","J"],[120.092,19.118,-222.868,-0.767,0,0.641,0,1,0,-0.641,0,-0.767,-4.024,50.44,4.772,"S","J"],[120.063,19.45,-222.833,-0.767,0,0.641,0,1,0,-0.641,0,-0.767,-4.344,49.119,5.16,"S","J"],[120.033,19.753,-222.798,-0.767,0,0.641,0,1,0,-0.641,0,-0.767,-4.919,47.885,5.852,"S","J"],[120.009,19.964,-222.77,-0.767,0,0.641,0,1,0,-0.641,0,-0.767,-5.329,47.006,6.345,"S","J"],[119.975,20.235,-222.728,-0.767,0,0.641,0,1,0,-0.641,0,-0.767,-5.871,45.842,6.997,"S","J"],[119.939,20.495,-222.685,-0.767,0,0.641,0,1,0,-0.641,0,-0.767,-6.398,44.712,7.63,"S","J"],[119.9,20.736,-222.639,-0.767,0,0.641,0,1,0,-0.641,0,-0.767,-6.904,43.625,8.239,"S","J"],[119.852,21.026,-222.582,-0.767,0,0.641,0,1,0,-0.641,0,-0.767,-7.081,42.294,8.455,"S","J"],[119.816,21.251,-222.539,-0.767,0,0.641,0,1,0,-0.641,0,-0.767,-6.582,41.226,7.859,"S","J"],[119.782,21.476,-222.499,-0.767,0,0.641,0,1,0,-0.641,0,-0.767,-6.068,40.127,7.245,"S","J"],[119.743,21.754,-222.452,-0.767,0,0.641,0,1,0,-0.641,0,-0.767,-5.413,38.727,6.463,"S","J"],[119.713,21.982,-222.415,-0.767,0,0.641,0,1,0,-0.641,0,-0.767,-4.862,37.55,5.805,"S","J"],[119.693,22.146,-222.391,-0.767,0,0.641,0,1,0,-0.641,0,-0.767,-4.45,36.671,5.314,"S","J"],[119.666,22.388,-222.36,-0.767,0,0.641,0,1,0,-0.641,0,-0.767,-3.824,35.334,4.567,"S","J"],[119.646,22.585,-222.336,-0.767,0,0.641,0,1,0,-0.641,0,-0.767,-3.298,34.21,3.938,"S","J"],[119.628,22.808,-222.314,-0.767,0,0.641,0,1,0,-0.641,0,-0.767,-2.679,32.885,3.198,"S","J"],[119.615,22.981,-222.299,-0.767,0,0.641,0,1,0,-0.641,0,-0.767,-2.186,31.831,2.61,"S","J"],[119.602,23.24,-222.284,-0.767,0,0.641,0,1,0,-0.641,0,-0.767,-1.405,30.164,1.678,"S","J"],[119.596,23.415,-222.277,-0.767,0,0.641,0,1,0,-0.641,0,-0.767,-0.857,28.993,1.023,"S","J"],[119.594,23.573,-222.274,-0.767,0,0.641,0,1,0,-0.641,0,-0.767,-0.408,27.875,0.488,"S","J"],[119.593,23.705,-222.273,-0.767,0,0.641,0,1,0,-0.641,0,-0.767,-0.119,26.926,0.143,"S","J"],[119.593,23.888,-222.272,-0.767,0,0.641,0,1,0,-0.641,0,-0.767,-0.031,25.53,0.037,"S","J"],[119.593,24.043,-222.272,-0.767,0,0.641,0,1,0,-0.641,0,-0.767,-0.005,24.294,0.006,"S","J"],[119.593,24.167,-222.272,-0.767,0,0.641,0,1,0,-0.641,0,-0.767,-0.001,23.26,0.001,"S","J"],[119.593,24.256,-222.272,-0.767,0,0.641,0,1,0,-0.641,0,-0.767,0,22.482,0.001,"S","J"],[119.593,24.401,-222.272,-0.767,0,0.641,0,1,0,-0.641,0,-0.767,0,21.136,0,"S","J"],[119.593,24.518,-222.272,-0.767,0,0.641,0,1,0,-0.641,0,-0.767,0,20.017,0,"S","J"],[119.59,24.623,-222.268,-0.767,0,0.641,0,1,0,-0.641,0,-0.767,-0.45,18.915,0.538,"S","J"],[119.584,24.746,-222.262,-0.767,0,0.641,0,1,0,-0.641,0,-0.767,-1.075,17.577,1.287,"S","J"],[119.574,24.845,-222.25,-0.767,0,0.641,0,1,0,-0.641,0,-0.767,-1.626,16.398,1.946,"S","J"],[119.564,24.932,-222.236,-0.767,0,0.641,0,1,0,-0.641,0,-0.767,-2.138,15.303,2.558,"S","J"],[119.548,25.014,-222.218,-0.767,0,0.641,0,1,0,-0.641,0,-0.767,-2.668,14.168,3.193,"S","J"],[119.525,25.109,-222.191,-0.767,0,0.641,0,1,0,-0.641,0,-0.767,-3.332,12.748,3.987,"S","J"],[119.503,25.176,-222.164,-0.767,0,0.641,0,1,0,-0.641,0,-0.767,-3.859,11.622,4.617,"S","J"],[119.47,25.258,-222.124,-0.767,0,0.641,0,1,0,-0.641,0,-0.767,-4.565,10.11,5.463,"S","J"],[119.441,25.311,-222.09,-0.767,0,0.641,0,1,0,-0.641,0,-0.767,-5.093,8.98,6.095,"S","J"],[119.419,25.342,-222.064,-0.767,0,0.641,0,1,0,-0.641,0,-0.767,-5.449,8.218,6.521,"S","J"],[119.388,25.38,-222.027,-0.767,0,0.641,0,1,0,-0.641,0,-0.767,-5.933,7.182,7.1,"S","J"],[119.347,25.42,-221.979,-0.767,0,0.641,0,1,0,-0.641,0,-0.767,-6.522,5.922,7.805,"S","J"],[119.299,25.453,-221.92,-0.767,0,0.641,0,1,0,-0.641,0,-0.767,-7.152,4.574,8.559,"S","J"],[119.257,25.474,-221.87,-0.767,0,0.641,0,1,0,-0.641,0,-0.767,-7.664,3.478,9.171,"S","J"],[119.211,25.486,-221.815,-0.767,0,0.641,0,1,0,-0.641,0,-0.767,-8.174,2.385,9.783,"S","J"],[119.163,25.496,-221.757,-0.767,0,0.641,0,1,0,-0.641,0,-0.767,-8.689,1.284,10.399,"S","J"],[119.067,25.51,-221.643,-0.767,0,0.641,0,1,0,-0.641,0,-0.767,-9.642,3.176,11.539,"S","J"],[119.031,25.577,-221.599,-0.767,0,0.641,0,1,0,-0.641,0,-0.767,-10.002,18.105,11.969,7,"J"],[118.958,25.781,-221.512,-0.767,0,0.641,0,1,0,-0.641,0,-0.767,-10.198,28.781,12.204,"S","J"],[118.903,25.94,-221.447,-0.767,0,0.641,0,1,0,-0.641,0,-0.767,-10.245,30.28,12.261,"S","J"],[118.85,26.085,-221.383,-0.767,0,0.641,0,1,0,-0.641,0,-0.767,-10.254,27.966,12.27,"S","J"],[118.797,26.219,-221.32,-0.767,0,0.641,0,1,0,-0.641,0,-0.767,-10.259,25.274,12.276,"S","J"],[118.705,26.409,-221.209,-0.767,0,0.641,0,1,0,-0.641,0,-0.767,-10.259,19.586,12.278,"S","J"],[118.647,26.501,-221.14,-0.767,0,0.641,0,1,0,-0.641,0,-0.767,-10.259,16.425,12.278,"S","J"],[118.579,26.595,-221.058,-0.767,0,0.641,0,1,0,-0.641,0,-0.767,-10.259,13.077,12.278,"S","J"],[118.541,26.637,-221.013,-0.767,0,0.641,0,1,0,-0.641,0,-0.767,-10.259,11.504,12.278,8,"J"],[118.446,26.721,-220.9,-0.767,0,0.641,0,1,0,-0.641,0,-0.767,-10.259,8.313,12.278,7,"J"],[118.406,26.75,-220.851,-0.767,0,0.641,0,1,0,-0.641,0,-0.767,-10.259,7.202,12.278,"S","J"],[118.322,26.797,-220.75,-0.767,0,0.641,0,1,0,-0.641,0,-0.767,-10.259,5.392,12.278,"S","J"],[118.272,26.819,-220.691,-0.767,0,0.641,0,1,0,-0.641,0,-0.767,-10.259,4.498,12.278,"S","J"],[118.221,26.837,-220.63,-0.767,0,0.641,0,1,0,-0.641,0,-0.767,-10.259,3.797,12.278,8,"J"],[118.151,26.859,-220.545,-0.767,0,0.641,0,1,0,-0.641,0,-0.767,-10.259,2.929,12.278,"S","J"],[118.1,26.871,-220.484,-0.767,0,0.641,0,1,0,-0.641,0,-0.767,-10.259,2.467,12.278,"S","J"],[118.035,26.885,-220.407,-0.767,0,0.641,0,1,0,-0.641,0,-0.767,-10.259,1.941,12.278,"S","J"],[117.973,26.894,-220.333,-0.767,0,0.641,0,1,0,-0.641,0,-0.767,-10.259,1.573,12.278,"S","J"],[117.91,26.902,-220.258,-0.767,0,0.641,0,1,0,-0.641,0,-0.767,-10.259,1.247,12.278,"S","J"],[117.85,26.908,-220.185,-0.767,0,0.641,0,1,0,-0.641,0,-0.767,-10.259,1.015,12.278,"S","J"],[117.772,26.915,-220.093,-0.767,0,0.641,0,1,0,-0.641,0,-0.767,-10.259,0.765,12.278,"S","J"],[117.728,26.917,-220.041,-0.767,0,0.641,0,1,0,-0.641,0,-0.767,-10.259,0.658,12.278,"S","J"],[117.636,26.922,-219.93,-0.767,0,0.641,0,1,0,-0.641,0,-0.767,-10.259,0.471,12.278,"S","J"],[117.605,26.923,-219.893,-0.767,0,0.641,0,1,0,-0.641,0,-0.767,-10.259,0.424,12.278,"S","J"],[117.521,27.006,-219.792,-0.767,0,0.641,0,1,0,-0.641,0,-0.767,-10.259,19.707,12.278,"S","J"],[117.486,27.17,-219.75,-0.767,0,0.641,0,1,0,-0.641,0,-0.767,-10.259,47.509,12.278,3,"J"],[117.406,27.53,-219.654,-0.767,0,0.641,0,1,0,-0.641,0,-0.767,-10.259,45.98,12.278,5,"J"],[117.328,27.87,-219.561,-0.767,0,0.641,0,1,0,-0.641,0,-0.767,-10.259,44.489,12.278,"S","J"],[117.277,28.087,-219.5,-0.767,0,0.641,0,1,0,-0.641,0,-0.767,-10.259,43.521,12.278,"S","J"],[117.253,28.188,-219.471,-0.767,0,0.641,0,1,0,-0.641,0,-0.767,-10.259,43.055,12.278,"S","J"],[117.181,28.48,-219.386,-0.767,0,0.641,0,1,0,-0.641,0,-0.767,-10.259,41.688,12.278,"S","J"],[117.12,28.724,-219.312,-0.767,0,0.641,0,1,0,-0.641,0,-0.767,-10.259,40.518,12.278,"S","J"],[117.03,29.069,-219.204,-0.767,0,0.641,0,1,0,-0.641,0,-0.767,-10.259,38.793,12.278,"S","J"],[116.986,29.233,-219.151,-0.767,0,0.641,0,1,0,-0.641,0,-0.767,-10.259,37.944,12.278,"S","J"],[116.926,29.446,-219.08,-0.767,0,0.641,0,1,0,-0.641,0,-0.767,-10.259,36.804,12.278,"S","J"],[116.846,29.726,-218.984,-0.767,0,0.641,0,1,0,-0.641,0,-0.767,-10.259,35.27,12.278,"S","J"],[116.775,29.963,-218.899,-0.767,0,0.641,0,1,0,-0.641,0,-0.767,-10.259,33.912,12.278,"S","J"],[116.729,30.109,-218.845,-0.767,0,0.641,0,1,0,-0.641,0,-0.767,-10.259,33.042,12.278,"S","J"],[116.667,30.304,-218.77,-0.767,0,0.641,0,1,0,-0.641,0,-0.767,-10.259,31.845,12.278,"S","J"],[116.613,30.467,-218.704,-0.767,0,0.641,0,1,0,-0.641,0,-0.767,-10.259,30.81,12.278,"S","J"],[116.55,30.648,-218.63