[[171.949,-16.697,-217.04,-0.79,0,0.613,0,1,0,-0.613,0,-0.79,-9.819,0.115,12.462,8,0],[171.893,-16.697,-216.969,-0.792,0,0.61,0,1,0,-0.61,0,-0.792,-9.85,0.114,12.577,"S","J"],[171.853,-16.696,-216.917,-0.794,0,0.608,0,1,0,-0.608,0,-0.794,-9.823,0.105,12.618,"S","J"],[171.764,-16.695,-216.801,-0.796,0,0.605,0,1,0,-0.605,0,-0.796,-9.769,0.083,12.67,"S","J"],[171.704,-16.695,-216.722,-0.798,0,0.603,0,1,0,-0.603,0,-0.798,-9.737,0.069,12.696,"S","J"],[171.641,-16.695,-216.64,-0.8,0,0.599,0,1,0,-0.599,0,-0.8,-9.692,0.056,12.73,"S","J"],[171.604,-16.694,-216.592,-0.802,0,0.597,0,1,0,-0.597,0,-0.802,-9.659,0.048,12.755,"S","J"],[171.525,-16.694,-216.487,-0.804,0,0.595,0,1,0,-0.595,0,-0.804,-9.604,0.037,12.797,"S","J"],[171.462,-16.694,-216.402,-0.808,0,0.589,0,1,0,-0.589,0,-0.808,-9.558,0.029,12.832,"S","J"],[171.407,-16.694,-216.327,-0.812,0,0.584,0,1,0,-0.584,0,-0.812,-9.52,0.023,12.859,"S","J"],[171.366,-16.694,-216.272,-0.814,0,0.581,0,1,0,-0.581,0,-0.814,-9.486,0.02,12.885,"S","J"],[171.299,-16.694,-216.18,-0.815,0,0.579,0,1,0,-0.579,0,-0.815,-9.378,0.015,12.964,"S","J"],[171.257,-16.694,-216.122,-0.816,0,0.579,0,1,0,-0.579,0,-0.816,-9.331,0.013,12.997,"S","J"],[171.183,-16.693,-216.018,-0.816,0,0.579,0,1,0,-0.579,0,-0.816,-9.276,0.01,13.037,"S","J"],[171.122,-16.693,-215.931,-0.816,0,0.579,0,1,0,-0.579,0,-0.816,-9.262,0.008,13.046,"S","J"],[171.067,-16.693,-215.854,-0.816,0,0.579,0,1,0,-0.579,0,-0.816,-9.26,0.006,13.048,"S","J"],[171.012,-16.693,-215.776,-0.817,0,0.576,0,1,0,-0.576,0,-0.817,-9.26,0.005,13.048,"S","J"],[170.965,-16.693,-215.71,-0.817,0,0.576,0,1,0,-0.576,0,-0.817,-9.252,0.004,13.054,"S","J"],[170.903,-16.693,-215.623,-0.817,0,0.576,0,1,0,-0.576,0,-0.817,-9.223,0.003,13.074,"S","J"],[170.874,-16.693,-215.582,-0.819,0,0.574,0,1,0,-0.574,0,-0.819,-9.22,0.003,13.076,"S","J"],[170.788,-16.693,-215.459,-0.819,0,0.573,0,1,0,-0.573,0,-0.819,-9.215,0.002,13.079,"S","J"],[170.76,-16.693,-215.42,-0.819,0,0.573,0,1,0,-0.573,0,-0.819,-9.196,0.002,13.093,"S","J"],[170.7,-16.693,-215.333,-0.819,0,0.573,0,1,0,-0.573,0,-0.819,-9.181,0.001,13.104,"S","J"],[170.646,-16.693,-215.255,-0.821,0,0.571,0,1,0,-0.571,0,-0.821,-9.175,0.001,13.108,"S","J"],[170.601,-16.693,-215.194,-0.821,0,0.571,0,1,0,-0.571,0,-0.821,-9.174,0.001,13.108,"S","J"],[170.528,-16.693,-215.088,-0.821,0,0.571,0,1,0,-0.571,0,-0.821,-9.14,0.001,13.132,"S","J"],[170.5,-16.693,-215.048,-0.821,0,0.571,0,1,0,-0.571,0,-0.821,-9.135,0.001,13.136,"S","J"],[170.417,-16.693,-214.928,-0.821,0,0.571,0,1,0,-0.571,0,-0.821,-9.132,0,13.138,"S","J"],[170.38,-16.693,-214.874,-0.822,0,0.569,0,1,0,-0.569,0,-0.822,-9.131,0,13.138,"S","J"],[170.307,-16.693,-214.77,-0.823,0,0.568,0,1,0,-0.568,0,-0.823,-9.131,0,13.138,"S","J"],[170.268,-16.693,-214.714,-0.823,0,0.568,0,1,0,-0.568,0,-0.823,-9.113,0,13.151,"S","J"],[170.231,-16.693,-214.66,-0.823,0,0.568,0,1,0,-0.568,0,-0.823,-9.097,0,13.162,"S","J"],[170.165,-16.693,-214.564,-0.823,0,0.568,0,1,0,-0.568,0,-0.823,-9.091,0,13.167,"S","J"],[170.095,-16.693,-214.462,-0.823,0,0.568,0,1,0,-0.568,0,-0.823,-9.088,0,13.168,"S","J"],[170.046,-16.693,-214.392,-0.823,0,0.568,0,1,0,-0.568,0,-0.823,-9.088,0,13.168,"S","J"],[170,-16.693,-214.325,-0.823,0,0.568,0,1,0,-0.568,0,-0.823,"v","S","J"],[169.931,-16.693,-214.225,-0.823,0,0.568,0,1,0,-0.568,0,-0.823,"v","S","J"],[169.886,-16.693,-214.16,-0.823,0,0.568,0,1,0,-0.568,0,-0.823,"v","S","J"],[169.817,-16.693,-214.06,-0.823,0,0.568,0,1,0,-0.568,0,-0.823,"v","S","J"],[169.771,-16.693,-213.993,-0.823,0,0.568,0,1,0,-0.568,0,-0.823,"v","S","J"],[169.711,-16.693,-213.907,-0.823,0,0.568,0,1,0,-0.568,0,-0.823,"v","S","J"],[169.658,-16.693,-213.83,-0.823,0,0.568,0,1,0,-0.568,0,-0.823,"v","S","J"],[169.619,-16.693,-213.773,-0.823,0,0.568,0,1,0,-0.568,0,-0.823,"v","S","J"],[169.529,-16.693,-213.642,-0.823,0,0.568,0,1,0,-0.568,0,-0.823,"v","S","J"],[169.506,-16.693,-213.609,-0.823,0,0.568,0,1,0,-0.568,0,-0.823,"v","S","J"],[169.432,-16.693,-213.501,-0.823,0,0.568,0,1,0,-0.568,0,-0.823,"v","S","J"],[169.365,-16.693,-213.405,-0.823,0,0.568,0,1,0,-0.568,0,-0.823,"v","S","J"],[169.308,-16.693,-213.322,-0.823,0,0.568,0,1,0,-0.568,0,-0.823,"v","S","J"],[169.263,-16.693,-213.258,-0.823,0,0.568,0,1,0,-0.568,0,-0.823,"v","S","J"],[169.23,-16.693,-213.209,-0.823,0,0.568,0,1,0,-0.568,0,-0.823,-9.088,-0.014,13.168,"S","J"],[169.156,-16.698,-213.102,-0.823,0,0.568,0,1,0,-0.568,0,-0.823,-9.088,-0.298,13.168,"S","J"],[169.123,-16.698,-213.055,-0.823,0,0.568,0,1,0,-0.568,0,-0.823,-9.088,-0.132,13.168,"S","J"],[169.041,-16.699,-212.936,-0.823,0,0.568,0,1,0,-0.568,0,-0.823,-9.088,-0.015,13.168,"S","J"],[169.012,-16.699,-212.893,-0.823,0,0.568,0,1,0,-0.568,0,-0.823,-9.088,-0.008,13.168,"S","J"],[168.925,-16.71,-212.768,-0.823,0,0.568,0,1,0,-0.568,0,-0.823,-9.088,-1.746,13.168,"S","J"],[168.879,-16.72,-212.699,-0.823,0,0.568,0,1,0,-0.568,0,-0.823,-9.088,-2.06,13.168,"S","J"],[168.816,-16.724,-212.609,-0.823,0,0.568,0,1,0,-0.568,0,-0.823,-9.088,-0.337,13.168,"S","J"],[168.776,-16.725,-212.551,-0.823,0,0.568,0,1,0,-0.568,0,-0.823,-9.088,-0.201,13.168,"S","J"],[168.685,-16.737,-212.42,-0.823,0,0.568,0,1,0,-0.568,0,-0.823,-9.088,-1.244,13.168,"S","J"],[168.642,-16.739,-212.358,-0.823,0,0.568,0,1,0,-0.568,0,-0.823,-9.088,-0.489,13.168,"S","J"],[168.587,-16.74,-212.277,-0.823,0,0.568,0,1,0,-0.568,0,-0.823,-9.088,-0.088,13.168,"S","J"],[168.545,-16.742,-212.216,-0.823,0,0.568,0,1,0,-0.568,0,-0.823,-9.088,-0.193,13.168,"S","J"],[168.472,-16.751,-212.111,-0.823,0,0.568,0,1,0,-0.568,0,-0.823,-9.088,-1.555,13.168,"S","J"],[168.432,-16.754,-212.054,-0.823,0,0.568,0,1,0,-0.568,0,-0.823,-9.088,-0.568,13.168,"S","J"],[168.377,-16.755,-211.974,-0.823,0,0.568,0,1,0,-0.568,0,-0.823,-9.088,-0.174,13.168,"S","J"],[168.314,-16.755,-211.882,-0.823,0,0.568,0,1,0,-0.568,0,-0.823,-9.088,-0.027,13.168,"S","J"],[168.275,-16.755,-211.825,-0.823,0,0.568,0,1,0,-0.568,0,-0.823,-9.088,-0.01,13.168,"S","J"],[168.203,-16.755,-211.722,-0.823,0,0.568,0,1,0,-0.568,0,-0.823,-9.088,-0.002,13.168,"S","J"],[168.153,-16.755,-211.649,-0.823,0,0.568,0,1,0,-0.568,0,-0.823,-9.088,0,13.168,"S","J"],[168.102,-16.755,-211.575,-0.823,0,0.568,0,1,0,-0.568,0,-0.823,-9.088,0,13.168,"S","J"],[168.061,-16.755,-211.516,-0.823,0,0.568,0,1,0,-0.568,0,-0.823,"v","S","J"],[167.998,-16.755,-211.424,-0.823,0,0.568,0,1,0,-0.568,0,-0.823,"v","S","J"],[167.969,-16.755,-211.383,-0.823,0,0.568,0,1,0,-0.568,0,-0.823,-9.087,0,13.169,"S","J"],[167.917,-16.755,-211.307,-0.823,0,0.568,0,1,0,-0.568,0,-0.823,-9.084,0,13.171,"S","J"],[167.847,-16.374,-211.204,-0.823,0,0.568,0,1,0,-0.568,0,-0.823,-9.084,45.716,13.171,"S","J"],[167.797,-16.066,-211.132,-0.823,0,0.568,0,1,0,-0.568,0,-0.823,-9.084,55.396,13.171,3,"J"],[167.744,-15.752,-211.056,-0.823,0,0.568,0,1,0,-0.568,0,-0.823,-9.084,54.261,13.171,"S","J"],[167.69,-15.436,-210.978,-0.823,0,0.568,0,1,0,-0.568,0,-0.823,-9.084,53.099,13.171,5,"J"],[167.638,-15.142,-210.903,-0.823,0,0.568,0,1,0,-0.568,0,-0.823,-9.084,51.987,13.171,"S","J"],[167.587,-14.852,-210.828,-0.823,0,0.568,0,1,0,-0.568,0,-0.823,-9.084,50.878,13.171,"S","J"],[167.526,-14.515,-210.739,-0.823,0,0.568,0,1,0,-0.568,0,-0.823,-9.084,49.548,13.171,"S","J"],[167.467,-14.203,-210.655,-0.823,0,0.568,0,1,0,-0.568,0,-0.823,-9.084,48.292,13.171,"S","J"],[167.398,-13.847,-210.555,-0.823,0,0.568,0,1,0,-0.568,0,-0.823,-9.084,46.805,13.171,"S","J"],[167.359,-13.647,-210.498,-0.823,0,0.568,0,1,0,-0.568,0,-0.823,-9.084,45.952,13.171,"S","J"],[167.311,-13.406,-210.427,-0.823,0,0.568,0,1,0,-0.568,0,-0.823,-9.084,44.905,13.171,"S","J"],[167.241,-13.073,-210.327,-0.823,0,0.568,0,1,0,-0.568,0,-0.823,-9.084,43.409,13.171,"S","J"],[167.191,-12.839,-210.254,-0.823,0,0.568,0,1,0,-0.568,0,-0.823,-9.084,42.33,13.171,"S","J"],[167.136,-12.585,-210.173,-0.823,0,0.568,0,1,0,-0.568,0,-0.823,-9.084,41.117,13.171,"S","J"],[167.093,-12.392,-210.111,-0.823,0,0.568,0,1,0,-0.568,0,-0.823,-9.084,40.185,13.171,"S","J"],[167.01,-12.041,-209.992,-0.823,0,0.568,0,1,0,-0.568,0,-0.823,-9.084,38.411,13.171,"S","J"],[166.968,-11.869,-209.931,-0.823,0,0.568,0,1,0,-0.568,0,-0.823,-9.084,37.512,13.171,"S","J"],[166.924,-11.692,-209.867,-0.823,0,0.568,0,1,0,-0.568,0,-0.823,-9.084,36.567,13.171,"S","J"],[166.843,-11.372,-209.748,-0.823,0,0.568,0,1,0,-0.568,0,-0.823,-9.084,34.788,13.171,"S","J"],[166.798,-11.206,-209.684,-0.823,0,0.568,0,1,0,-0.568,0,-0.823,-9.084,33.821,13.171,"S","J"],[166.747,-11.022,-209.61,-0.823,0,0.568,0,1,0,-0.568,0,-0.823,-9.084,32.723,13.171,"S","J"],[166.696,-10.845,-209.537,-0.823,0,0.568,0,1,0,-0.568,0,-0.823,-9.084,31.637,13.171,"S","J"],[166.644,-10.671,-209.461,-0.823,0,0.568,0,1,0,-0.568,0,-0.823,-9.084,30.516,13.171,"S","J"],[166.582,-10.466,-209.37,-0.823,0,0.568,0,1,0,-0.568,0,-0.823,-9.084,29.152,13.171,"S","J"],[166.516,-10.265,-209.275,-0.823,0,0.568,0,1,0,-0.568,0,-0.823,-9.084,27.74,13.171,"S","J"],[166.468,-10.122,-209.206,-0.823,0,0.568,0,1,0,-0.568,0,-0.823,-9.084,26.708,13.171,"S","J"],[166.436,-10.032,-209.16,-0.823,0,0.568,0,1,0,-0.568,0,-0.823,-9.084,26.021,13.171,"S","J"],[166.349,-9.795,-209.033,-0.823,0,0.568,0,1,0,-0.568,0,-0.823,-9.084,24.134,13.171,"S","J"],[166.316,-9.709,-208.984,-0.823,0,0.568,0,1,0,-0.568,0,-0.823,-9.084,23.408,13.171,"S","J"],[166.27,-9.597,-208.919,-0.823,0,0.568,0,1,0,-0.568,0,-0.823,-9.084,22.436,13.171,"S","J"],[166.228,-9.496,-208.857,-0.823,0,0.568,0,1,0,-0.568,0,-0.823,-9.084,21.523,13.171,"S","J"],[166.188,-9.406,-208.799,-0.823,0,0.568,0,1,0,-0.568,0,-0.823,-9.084,20.662,13.171,"S","J"],[166.115,-9.248,-208.693,-0.823,0,0.568,0,1,0,-0.568,0,-0.823,-9.084,19.077,13.171,"S","J"],[166.078,-9.174,-208.64,-0.823,0,0.568,0,1,0,-0.568,0,-0.823,-9.084,18.272,13.171,"S","J"],[166.014,-9.053,-208.548,-0.823,0,0.568,0,1,0,-0.568,0,-0.823,-9.084,16.903,13.171,"S","J"],[165.969,-8.973,-208.481,-0.823,0,0.568,0,1,0,-0.568,0,-0.823,-9.084,15.918,13.171,"S","J"],[165.912,-8.881,-208.398,-0.823,0,0.568,0,1,0,-0.568,0,-0.823,-9.084,14.686,13.171,"S","J"],[165.851,-8.788,-208.309,-0.823,0,0.568,0,1,0,-0.568,0,-0.823,-9.084,13.359,13.171,"S","J"],[165.771,-8.683,-208.195,-0.823,0,0.568,0,1,0,-0.568,0,-0.823,-9.084,11.657,13.171,"S","J"],[165.729,-8.634,-208.134,-0.823,0,0.568,0,1,0,-0.568,0,-0.823,-9.084,10.748,13.171,"S","J"],[165.664,-8.562,-208.038,-0.823,0,0.568,0,1,0,-0.568,0,-0.823,-9.084,9.321,13.171,"S","J"],[165.607,-8.512,-207.956,-0.823,0,0.568,0,1,0,-0.568,0,-0.823,-9.084,8.098,13.171,"S","J"],[165.56,-8.474,-207.889,-0.823,0,0.568,0,1,0,-0.568,0,-0.823,-9.084,7.096,13.171,"S","J"],[165.516,-8.444,-207.825,-0.823,0,0.568,0,1,0,-0.568,0,-0.823,-9.084,6.144,13.171,"S","J"],[165.471,-8.419,-207.759,-0.823,0,0.568,0,1,0,-0.568,0,-0.823,-9.084,5.164,13.171,"S","J"],[165.41,-8.39,-207.67,-0.823,0,0.568,0,1,0,-0.568,0,-0.823,-9.084,3.833,13.171,"S","J"],[165.354,-8.374,-207.589,-0.823,0,0.568,0,1,0,-0.568,0,-0.823,-9.084,2.623,13.171,"S","J"],[165.287,-8.362,-207.492,-0.823,0,0.568,0,1,0,-0.568,0,-0.823,-9.084,1.189,13.171,"S","J"],[165.249,-8.36,-207.437,-0.823,0,0.568,0,1,0,-0.568,0,-0.823,-9.084,0.364,13.171,"S","J"],[165.208,-8.362,-207.378,-0.823,0,0.568,0,1,0,-0.568,0,-0.823,-9.084,-0.506,13.171,"S","J"],[165.136,-8.377,-207.273,-0.823,0,0.568,0,1,0,-0.568,0,-0.823,-9.084,-2.068,13.171,"S","J"],[165.093,-8.39,-207.211,-0.823,0,0.568,0,1,0,-0.568,0,-0.823,-9.084,-2.998,13.171,"S","J"],[165.029,-8.42,-207.119,-0.823,0,0.568,0,1,0,-0.568,0,-0.823,-9.084,-4.382,13.171,"S","J"],[164.97,-8.454,-207.033,-0.823,0,0.568,0,1,0,-0.568,0,-0.823,-9.084,-5.65,13.171,"S","J"],[164.931,-8.481,-206.977,-0.823,0,0.568,0,1,0,-0.568,0,-0.823,-9.084,-6.48,13.171,"S","J"],[164.843,-8.558,-206.848,-0.823,0,0.568,0,1,0,-0.568,0,-0.823,-9.084,-8.402,13.171,"S","J"],[164.744,-8.666,-206.705,-0.823,0,0.568,0,1,0,-0.568,0,-0.823,-9.084,-10.526,13.171,"S","J"],[164.689,-8.731,-206.626,-0.823,0,0.568,0,1,0,-0.568,0,-0.823,-9.069,-11.192,13.15,"S","J"],[164.618,-8.69,-206.523,-0.823,0,0.568,0,1,0,-0.568,0,-0.823,-8.472,8.558,12.284,7,"J"],[164.589,-8.646,-206.479,-0.823,0,0.568,0,1,0,-0.568,0,-0.823,-8.47,11.865,12.282,"S","J"],[164.534,-8.557,-206.401,-0.823,0,0.568,0,1,0,-0.568,0,-0.823,-8.49,14.154,12.311,"S","J"],[164.483,-8.469,-206.327,-0.823,0,0.568,0,1,0,-0.568,0,-0.823,-8.559,14.467,12.411,"S","J"],[164.416,-8.356,-206.229,-0.823,0,0.568,0,1,0,-0.568,0,-0.823,-8.475,14.055,12.288,"S","J"],[164.382,-8.302,-206.181,-0.823,0,0.568,0,1,0,-0.568,0,-0.823,-8.483,13.537,12.3,"S","J"],[164.353,-8.252,-206.139,-0.861,0,0.508,0,1,0,-0.508,0,-0.861,-7.557,12.885,10.957,"S","J"],[164.309,-8.153,-206.074,-0.893,0,0.451,0,1,0,-0.451,0,-0.893,-4.572,11.226,6.629,"S","J"],[164.291,-8.082,-206.049,-0.941,0,0.339,0,1,0,-0.339,0,-0.941,-2.053,9.689,2.978,"S","J"],[164.286,-8.042,-206.041,-0.972,0,0.233,0,1,0,-0.233,0,-0.972,-0.836,8.734,1.213,8,"J"],[164.284,-8.004,-206.038,-0.998,0,0.057,0,1,0,-0.057,0,-0.998,-0.229,6.638,0.333,7,"J"],[164.284,-7.979,-206.038,-0.998,0,-0.063,0,1,0,0.063,0,-0.998,-0.082,4.558,0.12,"S","J"],[164.284,-7.956,-206.038,-0.981,0,-0.192,0,1,0,0.192,0,-0.981,-0.013,2.648,0.02,"S","J"],[164.284,-7.945,-206.038,-0.951,0,-0.309,0,1,0,0.309,0,-0.951,-0.002,1.565,0.004,"S","J"],[164.284,-7.941,-206.038,-0.902,0,-0.432,0,1,0,0.432,0,-0.902,0,0.646,0.001,"S","J"],[164.284,-7.668,-206.038,-0.835,0,-0.55,0,1,0,0.55,0,-0.835,0,32.559,0.001,8,"J"],[164.284,-7.419,-206.038,-0.791,0,-0.612,0,1,0,0.612,0,-0.791,0,48.554,0,3,"J"],[164.284,-7.193,-206.038,-0.77,0,-0.638,0,1,0,0.638,0,-0.77,0,47.618,0,5,"J"],[164.284,-6.866,-206.038,-0.747,0,-0.665,0,1,0,0.665,0,-0.747,0,46.246,0,"S","J"],[164.284,-6.67,-206.038,-0.736,0,-0.677,0,1,0,0.677,0,-0.736,0,45.396,0,"S","J"],[164.284,-6.223,-206.038,-0.735,0,-0.678,0,1,0,0.678,0,-0.735,0,43.407,0,"S","J"],[164.284,-6.03,-206.038,-0.735,0,-0.678,0,1,0,0.678,0,-0.735,0,42.519,0,"S","J"],[164.284,-5.856,-206.038,-0.735,0,-0.678,0,1,0,0.678,0,-0.735,0,41.695,0,"S","J"],[164.284,-5.708,-206.038,-0.807,0,-0.59,0,1,0,0.59,0,-0.807,0,40.986,0,"S","J"],[164.284,-5.435,-206.038,-0.844,0,-0.536,0,1,0,0.536,0,-0.844,0,39.636,0,"S","J"],[164.284,-5.216,-206.038,-0.883,0,-0.469,0,1,0,0.469,0,-0.883,0,38.533,0,"S","J"],[164.284,-4.945,-206.038,-0.918,0,-0.397,0,1,0,0.397,0,-0.918,0,37.109,0,"S","J"],[164.284,-4.735,-206.038,-0.946,0,-0.324,0,1,0,0.324,0,-0.946,0,35.97,0,"S","J"],[164.284,-4.454,-206.038,-0.977,0,-0.214,0,1,0,0.214,0,-0.977,0,34.383,0,"S","J"],[164.284,-4.335,-206.038,-0.989,0,-0.149,0,1,0,0.149,0,-0.989,0,33.691,0,"S","J"],[164.284,-4.14,-206.038,-0.999,0,-0.041,0,1,0,0.041,0,-0.999,0,32.519,0,"S","J"],[164.284,-3.943,-206.038,-0.999,0,0.032,0,1,0,-0.032,0,-0.999,0,31.293,0,"S","J"],[164.284,-3.782,-206.038,-0.995,0,0.101,0,1,0,-0.101,0,-0.995,0,30.257,0,"S","J"],[164.284,-3.613,-206.038,-0.991,0,0.135,0,1,0,-0.135,0,-0.991,0,29.113,0,"S","J"],[164.284,-3.461,-206.038,-0.987,0,0.162,0,1,0,-0.162,0,-0.987,0,28.067,0,"S","J"],[164.284,-3.342,-206.038,-0.983,0,0.184,0,1,0,-0.184,0,-0.983,0,27.204,0,"S","J"],[164.284,-3.1,-206.038,-0.98,0,0.198,0,1,0,-0.198,0,-0.98,0,25.345,0,"S","J"],[164.284,-2.917,-206.038,-0.98,0,0.201,0,1,0,-0.201,0,-0.98,0,23.892,0,"S","J"],[164.284,-2.817,-206.038,-0.98,0,0.201,0,1,0,-0.201,0,-0.98,0,23.036,0,"S","J"],[164.284,-2.676,-206.038,-0.98,0,0.201,0,1,0,-0.201,0,-0.98,0,21.774,0,"S","J"],[164.283,-2.52,-206.035,-0.973,0,0.23,0,1,0,-0.23,0,-0.973,-0.134,20.306,0.645,"S","J"],[164.282,-2.43,-206.029,-0.97,0,0.245,0,1,0,-0.245,0,-0.97,-0.28,19.388,1.297,"S","J"],[164.28,-2.328,-206.018,-0.968,0,0.251,0,1,0,-0.251,0,-0.968,-0.464,18.288,2.077,"S","J"],[164.275,-2.21,-205.999,-0.961,0,0.278,0,1,0,-0.278,0,-0.961,-0.7,16.961,3.014,"S","J"],[164.269,-2.11,-205.975,-0.954,0,0.299,0,1,0,-0.299,0,-0.954,-0.934,15.724,3.885,"S","J"],[164.265,-2.041,-205.955,-0.938,0,0.346,0,1,0,-0.346,0,-0.938,-1.12,14.819,4.518,"S","J"],[164.254,-1.942,-205.915,-0.926,0,0.378,0,1,0,-0.378,0,-0.926,-1.487,13.381,5.499,"S","J"],[164.248,-1.895,-205.892,-0.912,0,0.411,0,1,0,-0.411,0,-0.912,-1.702,12.657,5.982,"S","J"],[164.225,-1.773,-205.819,-0.877,0,0.481,0,1,0,-0.481,0,-0.877,-2.329,10.548,7.384,"S","J"],[164.215,-1.74,-205.791,-0.869,0,0.495,0,1,0,-0.495,0,-0.869,-2.602,9.859,7.805,"S","J"],[164.193,-1.689,-205.734,-0.857,0,0.515,0,1,0,-0.515,0,-0.857,-3.174,8.606,8.517,"S","J"],[164.173,-1.646,-205.683,-0.847,0,0.532,0,1,0,-0.532,0,-0.847,-3.682,7.504,9.139,"S","J"],[164.157,-1.61,-205.641,-0.838,0,0.546,0,1,0,-0.546,0,-0.838,-4.106,6.586,9.657,"S","J"],[164.114,-1.561,-205.549,-0.705,0,0.709,0,1,0,-0.709,0,-0.705,-4.977,4.815,10.608,"S","J"],[164.094,-1.547,-205.51,-0.678,0,0.736,0,1,0,-0.736,0,-0.678,-5.38,4.129,10.904,"S","J"],[164.045,-1.524,-205.423,-0.65,0,0.76,0,1,0,-0.76,0,-0.65,-6.504,2.568,11.01,"S","J"],[164.013,-1.516,-205.372,-0.624,0,0.781,0,1,0,-0.781,0,-0.624,-7.163,1.662,10.993,"S","J"],[163.972,-1.512,-205.316,-0.603,0,0.798,0,1,0,-0.798,0,-0.603,-7.882,0.668,10.901,"S","J"],[163.918,-1.515,-205.249,-0.591,0,0.807,0,1,0,-0.807,0,-0.591,-8.764,-0.568,10.72,"S","J"],[163.864,-1.517,-205.196,-0.585,0,0.811,0,1,0,-0.811,0,-0.585,-10.487,-0.367,9.591,7,"J"],[163.778,-1.518,-205.13,-0.583,0,0.812,0,1,0,-0.812,0,-0.583,-12.156,-0.099,9.383,"S","J"],[163.668,-1.518,-205.049,-0.583,0,0.813,0,1,0,-0.813,0,-0.583,-12.787,-0.012,9.298,"S","J"],[163.586,-1.518,-204.99,-0.583,0,0.813,0,1,0,-0.813,0,-0.583,-12.882,-0.002,9.261,"S","J"],[163.546,-1.518,-204.961,-0.583,0,0.813,0,1,0,-0.813,0,-0.583,-12.893,-0.001,9.257,"S","J"],[163.501,-1.518,-204.93,-0.584,0,0.812,0,1,0,-0.812,0,-0.584,-12.907,0,9.243,"S","J"],[163.378,-1.518,-204.844,-0.584,0,0.812,0,1,0,-0.812,0,-0.584,-12.156,0,8.387,"S","J"],[163.342,-1.518,-204.845,-0.587,0,0.81,0,1,0,-0.81,0,-0.587,-6.648,0,1.799,"S","J"],[163.338,-1.525,-204.853,-0.587,0,0.81,0,1,0,-0.81,0,-0.587,-4.754,-1.663,1.172,8,"J"],[163.342,-1.547,-204.868,-0.589,0,0.808,0,1,0,-0.808,0,-0.589,-1.569,-4.823,0.387,7,"J"],[163.348,-1.592,-204.878,-0.591,0,0.806,0,1,0,-0.806,0,-0.591,-0.455,-6.512,0.113,"S","J"],[163.351,-1.632,-204.883,-0.594,0,0.804,0,1,0,-0.804,0,-0.594,-0.088,-7.646,0.022,"S","J"],[163.353,-1.677,-204.885,-0.594,0,0.804,0,1,0,-0.804,0,-0.594,-0.026,-8.671,0.006,"S","J"],[163.355,-1.747,-204.888,-0.594,0,0.804,0,1,0,-0.804,0,-0.594,-0.004,-10.088,0,"S","J"],[163.357,-1.795,-204.89,-0.594,0,0.804,0,1,0,-0.804,0,-0.594,-0.001,-10.937,-0.001,"S","J"],[163.359,-1.859,-204.892,-0.594,0,0.804,0,1,0,-0.804,0,-0.594,0,-7.041,-0.001,"S","J"],[163.359,-1.885,-204.893,-0.594,0,0.804,0,1,0,-0.804,0,-0.594,0,-1.79,0,"S","J"],[163.359,-1.887,-204.893,-0.597,0,0.803,0,1,0,-0.803,0,-0.597,0,-0.034,0,8,"J"],[163.359,-1.882,-204.893,-0.601,0,0.799,0,1,0,-0.799,0,-0.601,0,0.825,0,7,"J"],[163.359,-1.875,-204.893,-0.603,0,0.798,0,1,0,-0.798,0,-0.603,0,1.096,0,"S","J"],[163.359,-1.87,-204.893,-0.608,0,0.794,0,1,0,-0.794,0,-0.608,0,1.092,0,"S","J"],[163.359,-1.863,-204.893,-0.612,0,0.791,0,1,0,-0.791,0,-0.612,0,1.16,0,"S","J"],[163.359,-1.855,-204.893,-0.619,0,0.785,0,1,0,-0.785,0,-0.619,0,0.865,0,"S","J"],[163.359,-1.852,-204.893,-0.625,0,0.78,0,1,0,-0.78,0,-0.625,0,0.651,0,"S","J"],[163.359,-1.85,-204.893,-0.631,0,0.776,0,1,0,-0.776,0,-0.631,0,0.449,0,"S","J"],[163.359,-1.848,-204.893,-0.646,0,0.764,0,1,0,-0.764,0,-0.646,0,0.164,0,"S","J"],[163.359,-1.628,-204.893,-0.653,0,0.757,0,1,0,-0.757,0,-0.653,0,52.846,0,8,"J"],[163.359,-1.26,-204.893,-0.663,0,0.749,0,1,0,-0.749,0,-0.663,0,52.315,0,3,"J"],[163.359,-1.028,-204.893,-0.671,0,0.742,0,1,0,-0.742,0,-0.671,0,51.568,0,"S","J"],[163.359,-0.664,-204.893,-0.68,0,0.733,0,1,0,-0.733,0,-0.68,0,50.147,0,5,"J"],[163.359,-0.406,-204.893,-0.695,0,0.719,0,1,0,-0.719,0,-0.695,0,49.126,0,"S","J"],[163.359,-0.104,-204.893,-0.705,0,0.709,0,1,0,-0.709,0,-0.705,0,47.886,0,"S","J"],[163.359,0.12,-204.893,-0.712,0,0.703,0,1,0,-0.703,0,-0.712,0,46.955,0,"S","J"],[163.359,0.447,-204.893,-0.72,0,0.694,0,1,0,-0.694,0,-0.72,0,45.555,0,"S","J"],[163.359,0.709,-204.893,-0.724,0,0.69,0,1,0,-0.69,0,-0.724,0,44.406,0,"S","J"],[163.359,0.941,-204.893,-0.727,0,0.686,0,1,0,-0.686,0,-0.727,0,43.348,0,"S","J"],[163.359,1.231,-204.893,-0.73,0,0.684,0,1,0,-0.684,0,-0.73,0,42.013,0,"S","J"],[163.359,1.427,-204.893,-0.732,0,0.681,0,1,0,-0.681,0,-0.732,0,41.076,0,"S","J"],[163.359,1.632,-204.893,-0.734,0,0.679,0,1,0,-0.679,0,-0.734,0,40.068,0,"S","J"],[163.359,1.974,-204.893,-0.734,0,0.679,0,1,0,-0.679,0,-0.734,0,38.351,0,"S","J"],[163.359,2.106,-204.893,-0.734,0,0.679,0,1,0,-0.679,0,-0.734,0,37.661,0,"S","J"],[163.359,2.339,-204.893,-0.734,0,0.679,0,1,0,-0.679,0,-0.734,0,36.404,0,"S","J"],[163.359,2.574,-204.893,-0.734,0,0.679,0,1,0,-0.679,0,-0.734,0,35.111,0,"S","J"],[163.359,2.854,-204.893,-0.734,0,0.679,0,1,0,-0.679,0,-0.734,0,33.482,0,"S","J"],[163.359,3.053,-204.893,-0.734,0,0.679,0,1,0,-0.679,0,-0.734,0,32.285,0,"S","J"],[163.359,3.25,-204.893,-0.734,0,0.679,0,1,0,-0.679,0,-0.734,0,31.038,0,"S","J"],[163.359,3.462,-204.893,-0.734,0,0.679,0,1,0,-0.679,0,-0.734,0,29.647,0,"S","J"],[163.359,3.644,-204.893,-0.734,0,0.679,0,1,0,-0.679,0,-0.734,0,28.411,0,"S","J"],[163.359,3.797,-204.893,-0.734,0,0.679,0,1,0,-0.679,0,-0.734,0,27.312,0,"S","J"],[163.359,3.943,-204.893,-0.734,0,0.679,0,1,0,-0.679,0,-0.734,0,26.218,0,"S","J"],[163.359,4.106,-204.893,-0.734,0,0.679,0,1,0,-0.679,0,-0.734,0,24.962,0,"S","J"],[163.359,4.208,-204.893,-0.733,0,0.68,0,1,0,-0.68,0,-0.733,0,24.127,0,"S","J"],[163.359,4.338,-204.893,-0.732,0,0.682,0,1,0,-0.682,0,-0.732,0,23.015,0,"S","J"],[163.359,4.543,-204.893,-0.732,0,0.682,0,1,0,-0.682,0,-0.732,0,21.164,0,"S","J"],[163.359,4.655,-204.893,-0.732,0,0.682,0,1,0,-0.682,0,-0.732,0,20.092,0,"S","J"],[163.359,4.772,-204.893,-0.732,0,0.682,0,1,0,-0.682,0,-0.732,0,18.869,0,"S","J"],[163.359,4.86,-204.893,-0.732,0,0.682,0,1,0,-0.682,0,-0.732,0,17.922,0,"S","J"],[163.357,4.999,-204.891,-0.732,0,0.682,0,1,0,-0.682,0,-0.732,-0.377,16.271,0.405,"S","J"],[163.352,5.095,-204.886,-0.732,0,0.682,0,1,0,-0.682,0,-0.732,-0.98,15.058,1.052,"S","J"],[163.344,5.167,-204.877,-0.732,0,0.682,0,1,0,-0.682,0,-0.732,-1.488,14.037,1.596,"S","J"],[163.329,5.263,-204.861,-0.732,0,0.682,0,1,0,-0.682,0,-0.732,-2.201,12.602,2.361,"S","J"],[163.319,5.308,-204.85,-0.731,0,0.682,0,1,0,-0.682,0,-0.731,-2.581,11.837,2.769,"S","J"],[163.296,5.388,-204.826,-0.729,0,0.684,0,1,0,-0.684,0,-0.729,-3.303,10.383,3.544,"S","J"],[163.277,5.437,-204.804,-0.728,0,0.685,0,1,0,-0.685,0,-0.728,-3.812,9.361,4.089,"S","J"],[163.257,5.475,-204.783,-0.727,0,0.687,0,1,0,-0.687,0,-0.727,-4.261,8.462,4.565,"S","J"],[163.224,5.528,-204.748,-0.727,0,0.687,0,1,0,-0.687,0,-0.727,-4.939,7.106,5.284,"S","J"],[163.188,5.565,-204.71,-0.727,0,0.687,0,1,0,-0.687,0,-0.727,-5.573,5.844,5.951,"S","J"],[163.15,5.597,-204.669,-0.727,0,0.687,0,1,0,-0.687,0,-0.727,-6.202,4.591,6.612,"S","J"],[163.119,5.613,-204.637,-0.727,0,0.687,0,1,0,-0.687,0,-0.727,-6.646,3.709,7.077,"S","J"],[163.056,5.635,-204.57,-0.726,0,0.688,0,1,0,-0.688,0,-0.726,-7.509,1.993,7.982,"S","J"],[163.038,5.639,-204.55,-0.725,0,0.689,0,1,0,-0.689,0,-0.725,-7.744,1.525,8.229,"S","J"],[162.962,5.639,-204.47,-0.725,0,0.689,0,1,0,-0.689,0,-0.725,-8.632,-0.229,9.15,"S","J"],[162.912,5.669,-204.417,-0.723,0,0.691,0,1,0,-0.691,0,-0.723,-9.505,7.05,10.043,7,"J"],[162.859,5.795,-204.361,-0.719,0,0.695,0,1,0,-0.695,0,-0.719,-10.461,23.252,11.022,"S","J"],[162.784,6.011,-204.283,-0.715,0,0.699,0,1,0,-0.699,0,-0.715,-10.947,32.945,11.494,"S","J"],[162.722,6.191,-204.218,-0.71,0,0.704,0,1,0,-0.704,0,-0.71,-11.069,31.994,11.495,"S","J"],[162.64,6.408,-204.134,-0.704,0,0.71,0,1,0,-0.71,0,-0.704,-11.176,28.152,11.441,"S","J"],[162.586,6.526,-204.078,-0.698,0,0.716,0,1,0,-0.716,0,-0.698,-11.238,24.798,11.385,"S","J"],[162.515,6.663,-204.007,-0.695,0,0.719,0,1,0,-0.719,0,-0.695,-11.31,20.506,11.316,"S","J"],[162.451,6.758,-203.945,-0.686,0,0.728,0,1,0,-0.728,0,-0.686,-11.406,17.185,11.22,"S","J"],[162.357,6.874,-203.854,-0.674,0,0.739,0,1,0,-0.739,0,-0.674,-11.516,12.97,11.107,8,"J"],[162.293,6.932,-203.794,-0.664,0,0.747,0,1,0,-0.747,0,-0.664,-11.621,10.774,10.997,"S","J"],[162.229,6.984,-203.734,-0.661,0,0.75,0,1,0,-0.75,0,-0.661,-11.729,8.795,10.883,"S","J"],[162.152,7.029,-203.665,-0.649,0,0.761,0,1,0,-0.761,0,-0.649,-11.889,7.032,10.706,"S","J"],[162.072,7.07,-203.593,-0.644,0,0.765,0,1,0,-0.765,0,-0.644,-11.996,5.467,10.587,"S","J"],[162.004,7.095,-203.536,-0.64,0,0.768,0,1,0,-0.768,0,-0.64,-12.113,4.505,10.452,"S","J"],[161.933,7.117,-203.474,-0.637,0,0.771,0,1,0,-0.771,0,-0.637,-12.211,3.621,10.339,"S","J"],[161.88,7.13,-203.43,-0.632,0,0.775,0,1,0,-0.775,0,-0.632,-12.251,3.084,10.291,"S","J"],[161.789,7.148,-203.355,-0.63,0,0.777,0,1,0,-0.777,0,-0.63,-12.338,2.384,10.187,"S","J"],[161.731,7.158,-203.308,-0.626,0,0.779,0,1,0,-0.779,0,-0.626,-12.386,1.998,10.129,"S","J"],[161.675,7.166,-203.262,-0.624,0,0.781,0,1,0,-0.781,0,-0.624,-12.402,1.689,10.109,"S","J"],[161.558,7.179,-203.168,-0.624,0,0.782,0,1,0,-0.782,0,-0.624,-12.468,1.2,10.028,"S","J"],[161.52,7.182,-203.137,-0.624,0,0.782,0,1,0,-0.782,0,-0.624,-12.487,1.073,10.004,"S","J"],[161.43,7.188,-203.065,-0.624,0,0.782,0,1,0,-0.782,0,-0.624,-12.501,0.831,9.986,"S","J"],[161.348,7.192,-203,-0.623,0,0.782,0,1,0,-0.782,0,-0.623,-12.505,0.651,9.981,"S","J"],[161.295,7.194,-202.958,-0.621,0,0.784,0,1,0,-0.784,0,-0.621,-12.506,0.558,9.98,"S","J"],[161.189,7.198,-202.873,-0.618,0,0.786,0,1,0,-0.786,0,-0.618,-12.509,0.41,9.976,"S","J"],[161.091,7.201,-202.795,-0.616,0,0.788,0,1,0,-0.788,0,-0.616,-12.537,0.307,9.941,"S","J"],[161.026,7.202,-202.744,-0.613,0,0.79,0,1,0,-0.79,0,-0.613,-12.567,0.255,9.902,"S","J"],[160.944,7.203,-202.679,-0.613,0,0.79,0,1,0,-0.79,0,-0.613,-12.606,0.202,9.854,"S","J"],[160.881,7.204,-202.63,-0.613,0,0.79,0,1,0,-0.79,0,-0.613,-12.629,0.167,9.823,"S","J"],[160.82,7.205,-202.583,-0.613,0,0.79,0,1,0,-0.79,0,-0.613,-12.633,0.141,9.819,"S","J"],[160.723,7.206,-202.508,-0.613,0,0.79,0,1,0,-0.79,0,-0.613,-12.635,0.106,9.816,"S","J"],[160.685,7.206,-202.479,-0.613,0,0.79,0,1,0,-0.79,0,-0.613,-12.636,0.095,9.816,"S","J"],[160.633,7.206,-202.439,-0.614,0,0.789,0,1,0,-0.789,0,-0.614,-12.631,0.087,9.822,"S","J"],[160.543,7.207,-202.369,-0.614,0,0.789,0,1,0,-0.789,0,-0.614,-12.628,0.073,9.826,"S","J"],[160.459,7.207,-202.302,-0.614,0,0.789,0,1,0,-0.789,0,-0.614,-12.627,0.059,9.827,"S","J"],[160.415,7.207,-202.268,-0.614,0,0.789,0,1,0,-0.789,0,-0.614,-12.627,0.052,9.827,"S","J"],[160.326,7.208,-202.199,-0.614,0,0.789,0,1,0,-0.789,0,-0.614,-12.626,0.041,9.827,"S","J"],[160.243,7.208,-202.136,-0.614,0,0.789,0,1,0,-0.789,0,-0.614,-12.626,0.033,9.827,"S","J"],[160.145,7.208,-202.059,-0.614,0,0.789,0,1,0,-0.789,0,-0.614,-12.626,0.025,9.827,"S","J"],[160.087,7.208,-202.014,-0.614,0,0.789,0,1,0,-0.789,0,-0.614,-12.626,0.021,9.827,"S","J"],[160,7.208,-201.946,-0.614,0,0.789,0,1,0,-0.789,0,-0.614,-12.626,0.016,9.827,"S","J"],[159.942,7.208,-201.902,-0.614,0,0.789,0,1,0,-0.789,0,-0.614,-12.626,0.014,9.827,"S","J"],[159.851,7.209,-201.83,-0.614,0,0.789,0,1,0,-0.789,0,-0.614,-12.626,0.011,9.827,"S","J"],[159.772,7.209,-201.768,-0.614,0,0.789,0,1,0,-0.789,0,-0.614,-12.626,0.009,9.827,"S","J"],[159.712,7.209,-201.721,-0.614,0,0.789,0,1,0,-0.789,0,-0.614,-12.626,0.008,9.827,"S","J"],[159.636,7.209,-201.663,-0.614,0,0.789,0,1,0,-0.789,0,-0.614,-12.626,0.006,9.827,"S","J"],[159.567,7.209,-201.609,-0.614,0,0.789,0,1,0,-0.789,0,-0.614,-12.626,0.005,9.827,"S","J"],[159.446,7.209,-201.515,-0.614,0,0.789,0,1,0,-0.789,0,-0.614,-12.626,0.004,9.827,"S","J"],[159.41,7.209,-201.486,-0.614,0,0.789,0,1,0,-0.789,0,-0.614,-12.626,0.003,9.827,"S","J"],[159.306,7.209,-201.407,-0.614,0,0.789,0,1,0,-0.789,0,-0.614,-12.626,0.002,9.827,"S","J"],[159.261,7.209,-201.371,-0.614,0,0.789,0,1,0,-0.789,0,-0.614,"v","S","J"],[159.211,7.209,-201.332,-0.614,0,0.789,0,1,0,-0.789,0,-0.614,"v","S","J"],[159.084,7.209,-201.233,-0.614,0,0.789,0,1,0,-0.789,0,-0.614,-12.626,0.001,9.827,"S","J"],[159.002,7.209,-201.169,-0.614,0,0.789,0,1,0,-0.789,0,-0.614,"v","S","J"],[158.938,7.209,-201.119,-0.614,0,0.789,0,1,0,-0.789,0,-0.614,"v","S","J"],[158.893,7.209,-201.085,-0.614,0,0.789,0,1,0,-0.789,0,-0.614,"v","S","J"],[158.829,7.206,-201.035,-0.614,0,0.789,0,1,0,-0.789,0,-0.614,-12.626,-0.785,9.827,"S","J"],[158.724,7.203,-200.953,-0.614,0,0.789,0,1,0,-0.789,0,-0.614,-12.626,-0.147,9.827,"S","J"],[158.649,7.203,-200.895,-0.614,0,0.789,0,1,0,-0.789,0,-0.614,-12.626,0.009,9.827,"S","J"],[158.586,7.204,-200.845,-0.614,0,0.789,0,1,0,-0.789,0,-0.614,-12.626,0.089,9.827,"S","J"],[158.486,7.205,-200.767,-0.614,0,0.789,0,1,0,-0.789,0,-0.614,-12.626,0.115,9.827,"S","J"],[158.403,7.205,-200.704,-0.614,0,0.789,0,1,0,-0.789,0,-0.614,-12.626,0.111,9.827,"S","J"],[158.361,7.206,-200.671,-0.614,0,0.789,0,1,0,-0.789,0,-0.614,-12.626,0.105,9.827,"S","J"],[158.271,7.207,-200.601,-0.614,0,0.789,0,1,0,-0.789,0,-0.614,-12.626,0.087,9.827,"S","J"],[158.168,7.207,-200.521,-0.614,0,0.789,0,1,0,-0.789,0,-0.614,-12.626,0.068,9.827,"S","J"],[158.09,7.207,-200.46,-0.614,0,0.789,0,1,0,-0.789,0,-0.614,-12.626,0.056,9.827,"S","J"],[158.06,7.208,-200.437,-0.614,0,0.789,0,1,0,-0.789,0,-0.614,-12.626,0.051,9.827,"S","J"],[157.961,7.208,-200.36,-0.614,0,0.789,0,1,0,-0.789,0,-0.614,-12.626,0.039,9.827,"S","J"],[157.887,7.208,-200.302,-0.614,0,0.789,0,1,0,-0.789,0,-0.614,-12.626,0.032,9.827,"S","J"],[157.82,7.208,-200.249,-0.614,0,0.789,0,1,0,-0.789,0,-0.614,-12.626,0.026,9.827,"S","J"],[157.745,7.208,-200.191,-0.614,0,0.789,0,1,0,-0.789,0,-0.614,-12.626,0.021,9.827,"S","J"],[157.63,7.208,-200.102,-0.614,0,0.789,0,1,0,-0.789,0,-0.614,-12.626,0.015,9.827,"S","J"],[157.574,7.208,-200.059,-0.614,0,0.789,0,1,0,-0.789,0,-0.614,-12.626,0.013,9.827,"S","J"],[157.506,7.209,-200.006,-0.614,0,0.789,0,1,0,-0.789,0,-0.614,-12.626,0.011,9.827,"S","J"],[157.403,7.209,-199.925,-0.614,0,0.789,0,1,0,-0.789,0,-0.614,-12.626,0.008,9.827,"S","J"],[157.312,7.209,-199.854,-0.614,0,0.789,0,1,0,-0.789,0,-0.614,-12.626,0.006,9.827,"S","J"],[157.249,7.209,-199.806,-0.614,0,0.789,0,1,0,-0.789,0,-0.614,-12.626,0.005,9.827,"S","J"],[157.196,7.209,-199.765,-0.614,0,0.789,0,1,0,-0.789,0,-0.614,-12.626,0.004,9.827,"S","J"],[157.109,7.209,-199.696,-0.614,0,0.789,0,1,0,-0.789,0,-0.614,-12.626,0.003,9.827,"S","J"],[157.04,7.209,-199.642,-0.614,0,0.789,0,1,0,-0.789,0,-0.614,-12.626,0.003,9.827,"S","J"],[156.964,7.209,-199.584,-0.614,0,0.789,0,1,0,-0.789,0,-0.614,-12.626,0.002,9.827,"S","J"],[156.894,7.209,-199.529,-0.614,0,0.789,0,1,0,-0.789,0,-0.614,-12.626,0.002,9.827,"S","J"],[156.791,7.209,-199.449,-0.614,0,0.789,0,1,0,-0.789,0,-0.614,-12.626,0.001,9.827,"S","J"],[156.725,7.209,-199.397,-0.614,0,0.789,0,1,0,-0.789,0,-0.614,-12.626,0.001,9.827,"S","J"],[156.669,7.209,-199.355,-0.614,0,0.789,0,1,0,-0.789,0,-0.614,"v","S","J"],[156.55,7.209,-199.262,-0.614,0,0.789,0,1,0,-0.789,0,-0.614,"v","S","J"],[156.475,7.209,-199.203,-0.614,0,0.789,0,1,0,-0.789,0,-0.614,"v","S","J"],[156.419,7.209,-199.16,-0.614,0,0.789,0,1,0,-0.789,0,-0.614,-12.626,0,9.827,"S","J"],[156.362,7.209,-199.115,-0.614,0,0.789,0,1,0,-0.789,0,-0.614,-12.626,0,9.827,"S","J"],[156.256,7.209,-199.033,-0.614,0,0.789,0,1,0,-0.789,0,-0.614,"v","S","J"],[156.204,7.209,-198.992,-0.614,0,0.789,0,1,0,-0.789,0,-0.614,"v","S","J"],[156.117,7.209,-198.924,-0.614,0,0.789,0,1,0,-0.789,0,-0.614,"v","S","J"],[156.046,7.209,-198.869,-0.614,0,0.789,0,1,0,-0.789,0,-0.614,"v","S","J"],[155.961,7.209,-198.802,-0.614,0,0.789,0,1,0,-0.789,0,-0.614,"v","S","J"],[155.909,7.347,-198.762,-0.614,0,0.789,0,1,0,-0.789,0,-0.614,-12.626,33.171,9.827,"S","J"],[155.813,7.764,-198.688,-0.614,0,0.789,0,1,0,-0.789,0,-0.614,-12.626,54.535,9.827,3,"J"],[155.721,8.155,-198.617,-0.614,0,0.789,0,1,0,-0.789,0,-0.614,-12.626,53.341,9.827,"S","J"],[155.634,8.517,-198.549,-0.614,0,0.789,0,1,0,-0.789,0,-0.614,-12.626,51.987,9.827,5,"J"],[155.577,8.746,-198.505,-0.614,0,0.789,0,1,0,-0.789,0,-0.614,-12.626,51.105,9.827,"S","J"],[155.482,9.116,-198.431,-0.614,0,0.789,0,1,0,-0.789,0,-0.614,-12.626,49.645,9.827,"S","J"],[155.41,9.399,-198.375,-0.614,0,0.789,0,1,0,-0.789,0,-0.614,-12.626,48.51,9.827,"S","J"],[155.337,9.672,-198.318,-0.614,0,0.789,0,1,0,-0.789,0,-0.614,-12.626,47.38,9.827,"S","J"],[155.251,9.987,-198.251,-0.614,0,0.789,0,1,0,-0.789,0,-0.614,-12.626,46.049,9.827,"S","J"],[155.147,10.356,-198.17,-0.614,0,0.789,0,1,0,-0.789,0,-0.614,-12.626,44.434,9.827,"S","J"],[155.092,10.545,-198.128,-0.614,0,0.789,0,1,0,-0.789,0,-0.614,-12.626,43.584,9.827,"S","J"],[155.036,10.737,-198.084,-0.614,0,0.789,0,1,0,-0.789,0,-0.614,-12.626,42.703,9.827,"S","J"],[154.934,11.073,-198.005,-0.614,0,0.789,0,1,0,-0.789,0,-0.614,-12.626,41.114,9.827,"S","J"],[154.864,11.294,-197.95,-0.614,0,0.789,0,1,0,-0.789,0,-0.614,-12.626,40.028,9.827,"S","J"],[154.779,11.558,-197.884,-0.614,0,0.789,0,1,0,-0.789,0,-0.614,-12.626,38.707,9.827,"S","J"],[154.721,11.731,-197.839,-0.614,0,0.789,0,1,0,-0.789,0,-0.614,-12.626,37.808,9.827,"S","J"],[154.621,12.021,-197.761,-0.614,0,0.789,0,1,0,-0.789,0,-0.614,-12.626,36.259,9.827,"S","J"],[154.565,12.178,-197.717,-0.614,0,0.789,0,1,0,-0.789,0,-0.614,-12.626,35.386,9.827,"S","J"],[154.455,12.475,-197.631,-0.614,0,0.789,0,1,0,-0.789,0,-0.614,-12.626,33.674,9.827,"S","J"],[154.405,12.607,-197.592,-0.608,0,0.794,0,1,0,-0.794,0,-0.608,-12.626,32.886,9.827,"S","J"],[154.359,12.723,-197.556,-0.581,0,0.814,0,1,0,-0.814,0,-0.581,-12.639,32.177,9.81,"S","J"],[154.286,12.899,-197.503,-0.554,0,0.833,0,1,0,-0.833,0,-0.554,-12.856,31.067,9.522,"S","J"],[154.188,13.127,-197.432,-0.53,0,0.848,0,1,0,-0.848,0,-0.53,-13.021,29.579,9.295,"S","J"],[154.078,13.357,-197.36,-0.478,0,0.878,0,1,0,-0.878,0,-0.478,-13.351,27.973,8.81,"S","J"],[153.941,13.625,-197.277,-0.423,0,0.906,0,1,0,-0.906,0,-0.423,-13.873,26.005,7.95,"S","J"],[153.863,13.766,-197.235,-0.37,0,0.929,0,1,0,-0.929,0,-0.37,-14.15,24.915,7.455,"S","J"],[153.795,13.876,-197.203,-0.368,0,0.93,0,1,0,-0.93,0,-0.368,-14.338,23.998,7.081,"S","J"],[153.706,14.018,-197.162,-0.35,0,0.937,0,1,0,-0.937,0,-0.35,-14.622,22.794,6.474,"S","J"],[153.602,14.169,-197.12,-0.308,0,0.951,0,1,0,-0.951,0,-0.308,-14.807,21.423,6.05,"S","J"],[153.485,14.327,-197.076,-0.286,0,0.958,0,1,0,-0.958,0,-0.286,-14.96,19.888,5.663,"S","J"],[153.27,14.583,-197.005,-0.195,0,0.981,0,1,0,-0.981,0,-0.195,-15.251,17.113,4.824,"S","J"],[153.171,14.693,-196.974,-0.148,0,0.989,0,1,0,-0.989,0,-0.148,-11.851,13.394,3.642,12,"J"],[153.118,14.76,-196.958,-0.104,0,0.995,0,1,0,-0.995,0,-0.104,-8.551,11.616,2.627,"S","J"],[153.075,14.865,-196.944,-0.032,0,0.999,0,1,0,-0.999,0,-0.032,-3.103,11.247,0.953,"S","J"],[153.071,14.894,-196.943,-0.01,0,1,0,1,0,-1,0,-0.01,-1.909,11.226,0.586,"S","J"],[153.067,14.98,-196.942,0.051,0,0.999,0,1,0,-0.999,0,0.051,-0.432,11.206,0.132,"S","J"],[153.066,15.046,-196.942,0.087,0,0.996,0,1,0,-0.996,0,0.087,-0.073,11.201,0.022,"S","J"],[153.046,15.133,-196.944,0.089,0,0.996,0,1,0,-0.996,0,0.089,-3.106,14.633,-0.259,8,"J"],[153.013,15.233,-196.947,0.089,0,0.996,0,1,0,-0.996,0,0.089,-6.823,16.981,-0.596,"S","J"],[152.928,15.357,-196.954,0.089,0,0.996,0,1,0,-0.996,0,0.089,-11.626,15.492,-1.033,"S","J"],[152.863,15.434,-196.96,0.089,0,0.996,0,1,0,-0.996,0,0.089,-14.159,15.681,-1.263,"S","J"],[152.784,15.513,-196.967,0.089,0,0.996,0,1,0,-0.996,0,0.089,-15.238,15.433,-1.36,"S","J"],[152.671,15.617,-196.977,0.089,0,0.996,0,1,0,-0.996,0,0.089,-15.839,13.911,-1.415,"S","J"],[152.6,15.674,-196.983,0.089,0,0.996,0,1,0,-0.996,0,0.089,-15.902,12.442,-1.421,"S","J"],[152.487,15.747,-196.993,0.089,0,0.996,0,1,0,-0.996,0,0.089,-15.927,10.115,-1.423,"S","J"],[152.376,15.806,-197.003,0.089,0,0.996,0,1,0,-0.996,0,0.089,-15.935,8.087,-1.424,"S","J"],[152.274,15.85,-197.013,0.089,0,0.996,0,1,0,-0.996,0,0.089,-15.936,6.456,-1.424,"S","J"],[152.192,15.879,-197.02,0.089,0,0.996,0,1,0,-0.996,0,0.089,-15.936,5.364,-1.424,"S","J"],[152.065,15.913,-197.032,0.089,0,0.996,0,1,0,-0.996,0,0.089,-15.936,4.035,-1.424,"S","J"],[152.012,15.925,-197.036,0.089,0,0.996,0,1,0,-0.996,0,0.089,-15.936,3.585,-1.424,"S","J"],[151.901,15.945,-197.046,0.089,0,0.996,0,1,0,-0.996,0,0.089,-15.936,2.818,-1.424,"S","J"],[151.824,15.956,-197.052,0.089,0,0.996,0,1,0,-0.996,0,0.089,-15.936,2.347,-1.424,"S","J"],[151.701,15.971,-197.063,0.087,0,0.996,0,1,0,-0.996,0,0.087,-15.936,1.771,-1.424,"S","J"],[151.619,15.978,-197.071,0.081,0,0.997,0,1,0,-0.997,0,0.081,-15.936,1.443,-1.424,"S","J"],[151.547,15.984,-197.077,0.072,0,0.997,0,1,0,-0.997,0,0.072,-15.938,1.197,-1.406,"S","J"],[151.428,15.991,-197.087,0.065,0,0.998,0,1,0,-0.998,0,0.065,-15.948,0.863,-1.289,"S","J"],[151.346,15.994,-197.093,0.059,0,0.998,0,1,0,-0.998,0,0.059,-15.955,0.669,-1.194,"S","J"],[151.255,15.995,-197.099,-0.008,0,1,0,1,0,-1,0,-0.008,-15.965,0.361,-1.05,"S","J"],[151.158,16.09,-197.105,-0.102,0,0.995,0,1,0,-0.995,0,-0.102,-15.972,11.394,-0.929,"S","J"],[151.084,16.351,-197.109,-0.169,0,0.986,0,1,0,-0.986,0,-0.169,-15.972,42.611,-0.929,3,"J"],[150.982,16.703,-197.115,-0.216,0,0.976,0,1,0,-0.976,0,-0.216,-15.972,55.326,-0.929,"S","J"],[150.88,17.052,-197.12,-0.242,0,0.97,0,1,0,-0.97,0,-0.242,-15.948,54.071,-0.585,"S","J"],[150.76,17.452,-197.117,-0.254,0,0.967,0,1,0,-0.967,0,-0.254,-15.853,52.59,0.49,5,"J"],[150.691,17.677,-197.112,-0.258,0,0.966,0,1,0,-0.966,0,-0.258,-15.789,51.732,1.112,"S","J"],[150.556,18.114,-197.095,-0.258,0,0.966,0,1,0,-0.966,0,-0.258,-15.658,50.039,2.34,"S","J"],[150.501,18.286,-197.085,-0.258,0,0.966,0,1,0,-0.966,0,-0.258,-15.603,49.353,2.833,"S","J"],[150.384,18.652,-197.058,-0.258,0,0.966,0,1,0,-0.966,0,-0.258,-15.492,47.865,3.827,"S","J"],[150.287,18.942,-197.033,-0.258,0,0.966,0,1,0,-0.966,0,-0.258,-15.468,46.644,4.041,"S","J"],[150.183,19.25,-197.005,-0.258,0,0.966,0,1,0,-0.966,0,-0.258,-15.459,45.322,4.117,"S","J"],[150.121,19.428,-196.989,-0.258,0,0.966,0,1,0,-0.966,0,-0.258,-15.458,44.536,4.126,"S","J"],[150.038,19.662,-196.966,-0.258,0,0.966,0,1,0,-0.966,0,-0.258,-15.457,43.484,4.13,"S","J"],[149.897,20.048,-196.929,-0.258,0,0.966,0,1,0,-0.966,0,-0.258,-15.457,41.688,4.132,"S","J"],[149.847,20.179,-196.916,-0.258,0,0.966,0,1,0,-0.966,0,-0.258,-15.457,41.061,4.132,"S","J"],[149.807,20.362,-196.929,-0.258,0.003,0.966,0.002,1,-0.002,-0.966,0.001,-0.258,-8.81,37.941,-2.401,"S","J"],[149.779,20.597,-196.971,-0.258,0.005,0.966,0.005,1,-0.004,-0.966,0.004,-0.258,-4.662,35.389,-5.661,"S","J"],[149.752,20.811,-197.003,-0.258,0.006,0.966,0.005,1,-0.005,-0.966,0.004,-0.258,-4.208,34.178,-5.062,"S","J"],[149.718,21.123,-197.045,-0.258,0.004,0.966,0.004,1,-0.003,-0.966,0.003,-0.258,-3.392,32.316,-4.059,"S","J"],[149.705,21.253,-197.06,-0.258,0.003,0.966,0.003,1,-0.002,-0.966,0.002,-0.258,-3.018,31.507,-3.608,"S","J"],[149.686,21.498,-197.083,-0.258,0.002,0.966,0.002,1,-0.001,-0.966,0.002,-0.258,-2.267,29.918,-2.71,"S","J"],[149.677,21.625,-197.093,-0.258,0.001,0.966,0.001,1,-0.001,-0.966,0.001,-0.258,-2.039,29.058,-2.12,"S","J"],[149.662,21.858,-197.103,-0.258,0.001,0.966,0.001,1,-0.001,-0.966,0.001,-0.258,-1.629,27.42,-0.983,"S","J"],[149.652,22.053,-197.104,-0.263,0,0.965,0,1,0,-0.965,0,-0.263,-1.27,25.959,0.03,"S","J"],[149.648,22.15,-197.102,-0.281,0,0.96,0,1,0,-0.96,0,-0.281,-1.084,25.203,0.553,"S","J"],[149.644,22.253,-197.097,-0.293,0,0.956,0,1,0,-0.956,0,-0.293,-0.878,24.372,1.127,"S","J"],[149.639,22.481,-197.077,-0.322,0,0.947,0,1,0,-0.947,0,-0.322,-0.364,22.425,2.455,"S","J"],[149.639,22.587,-197.061,-0.35,0,0.937,0,1,0,-0.937,0,-0.35,-0.102,21.451,3.115,"S","J"],[149.639,22.684,-197.044,-0.378,0,0.926,0,1,0,-0.926,0,-0.378,0.15,20.541,3.729,"S","J"],[149.644,22.844,-197.006,-0.44,0,0.898,0,1,0,-0.898,0,-0.44,0.677,18.898,4.805,"S","J"],[149.649,22.933,-196.98,-0.488,0,0.873,0,1,0,-0.873,0,-0.488,1.01,17.941,5.418,"S","J"],[149.66,23.059,-196.933,-0.522,0,0.853,0,1,0,-0.853,0,-0.522,1.618,16.466,6.304,"S","J"],[149.67,23.136,-196.901,-0.571,0,0.821,0,1,0,-0.821,0,-0.571,2.054,15.502,6.852,"S","J"],[149.681,23.201,-196.869,-0.632,0,0.775,0,1,0,-0.775,0,-0.632,2.484,14.63,7.319,"S","J"],[149.705,23.302,-196.809,-0.666,0,0.746,0,1,0,-0.746,0,-0.666,3.326,13.144,7.997,"S","J"],[149.723,23.363,-196.769,-0.691,0,0.722,0,1,0,-0.722,0,-0.691,3.904,12.191,8.379,"S","J"],[149.759,23.444,-196.703,-0.729,0,0.685,0,1,0,-0.685,0,-0.729,4.848,10.73,8.871,"S","J"],[149.782,23.488,-196.663,-0.749,0,0.663,0,1,0,-0.663,0,-0.749,5.418,9.871,9.128,"S","J"],[149.807,23.525,-196.625,-0.763,0,0.646