[[159.577,-16.776,-238.398,-0.934,0,-0.356,0,1,0,0.356,0,-0.934,-14.94,0,5.694,8,0],[159.47,-16.776,-238.357,-0.934,0,-0.356,0,1,0,0.356,0,-0.934,-14.95,0,5.698,"S","J"],[159.387,-16.776,-238.325,-0.934,0,-0.356,0,1,0,0.356,0,-0.934,-14.951,0,5.699,"S","J"],[159.305,-16.776,-238.294,-0.934,0,-0.356,0,1,0,0.356,0,-0.934,-14.951,0,5.699,"S","J"],[159.219,-16.776,-238.262,-0.934,0,-0.356,0,1,0,0.356,0,-0.934,"v","S","J"],[159.102,-16.776,-238.217,-0.934,0,-0.356,0,1,0,0.356,0,-0.934,"v","S","J"],[159.036,-16.776,-238.192,-0.934,0,-0.356,0,1,0,0.356,0,-0.934,"v","S","J"],[158.963,-16.776,-238.164,-0.934,0,-0.356,0,1,0,0.356,0,-0.934,"v","S","J"],[158.877,-16.776,-238.131,-0.934,0,-0.356,0,1,0,0.356,0,-0.934,"v","S","J"],[158.757,-16.776,-238.085,-0.934,0,-0.356,0,1,0,0.356,0,-0.934,"v","S","J"],[158.684,-16.776,-238.058,-0.934,0,-0.356,0,1,0,0.356,0,-0.934,"v","S","J"],[158.572,-16.771,-238.015,-0.934,0,-0.356,0,1,0,0.356,0,-0.934,-14.792,0.746,5.638,"S","J"],[158.49,-16.763,-237.984,-0.934,0,-0.356,0,1,0,0.356,0,-0.934,-14.68,1.72,5.595,"S","J"],[158.39,-16.743,-237.946,-0.934,0,-0.356,0,1,0,0.356,0,-0.934,-14.649,2.824,5.584,"S","J"],[158.319,-16.714,-237.912,-0.934,0,-0.356,0.001,1,-0.001,0.356,-0.001,-0.934,-12.091,6.08,6.12,"S","J"],[158.236,-16.658,-237.873,-0.934,0,-0.356,0.001,1,-0.002,0.356,-0.002,-0.934,-12.158,8.211,5.752,"S","J"],[158.161,-16.607,-237.842,-0.934,0,-0.356,0.001,1,-0.002,0.356,-0.002,-0.934,-13.363,9.207,5.344,"S","J"],[158.104,-16.566,-237.82,-0.934,0,-0.356,0.001,1,-0.002,0.356,-0.002,-0.934,-13.802,9.964,5.371,"S","J"],[158.031,-16.502,-237.792,-0.934,0,-0.356,0.001,1,-0.001,0.356,-0.002,-0.934,-13.371,11.128,5.141,"S","J"],[157.936,-16.41,-237.755,-0.934,0,-0.356,0.001,1,-0.001,0.356,-0.001,-0.934,-12.89,12.637,4.918,"S","J"],[157.837,-16.306,-237.718,-0.934,0,-0.356,0,1,0,0.356,0,-0.934,-12.525,13.852,4.768,"S","J"],[157.788,-16.247,-237.7,-0.934,0,-0.356,0,1,0,0.356,0,-0.934,-12.096,14.35,4.603,"S","J"],[157.719,-16.165,-237.673,-0.934,0,-0.356,0,1,0,0.356,0,-0.934,-12.208,14.311,4.647,"S","J"],[157.622,-16.056,-237.637,-0.934,0,-0.356,0,1,0,0.356,0,-0.934,-12.426,13.794,4.733,"S","J"],[157.542,-15.971,-237.606,-0.934,0,-0.356,0,1,0,0.356,0,-0.934,-12.72,13.314,4.847,"S","J"],[157.482,-15.91,-237.582,-0.934,0,-0.356,0,1,0,0.356,0,-0.934,-12.965,13.051,4.941,"S","J"],[157.397,-15.83,-237.55,-0.934,0,-0.356,0,1,0,0.356,0,-0.934,-13.43,12.522,5.118,"S","J"],[157.314,-15.758,-237.519,-0.934,0,-0.356,0,1,0,0.356,0,-0.934,-13.509,11.769,5.149,"S","J"],[157.211,-15.674,-237.48,-0.934,0,-0.357,0,1,0,0.357,0,-0.934,-13.784,10.882,5.266,"S","J"],[157.133,-15.615,-237.45,-0.934,0,-0.357,0,1,0,0.357,0,-0.934,-14.058,10.348,5.379,"S","J"],[157.078,-15.577,-237.429,-0.932,0,-0.363,0,1,0,0.363,0,-0.932,-14.247,10.059,5.452,"S","J"],[157,-15.523,-237.399,-0.924,0,-0.383,0,1,0,0.383,0,-0.924,-14.172,9.773,5.424,"S","J"],[156.894,-15.45,-237.358,-0.911,0,-0.412,0,1,0,0.412,0,-0.911,-13.928,9.468,5.385,"S","J"],[156.796,-15.385,-237.319,-0.899,0,-0.439,0,1,0,0.439,0,-0.899,-14.05,9.046,5.665,"S","J"],[156.746,-15.353,-237.297,-0.888,0,-0.46,0,1,0,0.46,0,-0.888,-14.022,8.901,6.002,"S","J"],[156.645,-15.292,-237.249,-0.866,0,-0.5,0,1,0,0.5,0,-0.866,-13.912,8.333,6.66,"S","J"],[156.55,-15.237,-237.201,-0.849,0,-0.528,0,1,0,0.528,0,-0.849,-13.809,7.739,7.169,"S","J"],[156.473,-15.197,-237.157,-0.822,0,-0.57,0,1,0,0.57,0,-0.822,-13.696,7.236,7.695,"S","J"],[156.391,-15.156,-237.108,-0.773,0,-0.634,0,1,0,0.634,0,-0.773,-13.567,6.612,8.229,"S","J"],[156.314,-15.121,-237.055,-0.72,0,-0.694,0,1,0,0.694,0,-0.72,-13.194,5.894,8.804,"S","J"],[156.221,-15.083,-236.985,-0.676,0,-0.737,0,1,0,0.737,0,-0.676,-12.288,4.791,9.865,"S","J"],[156.152,-15.061,-236.92,-0.637,0,-0.771,0,1,0,0.771,0,-0.637,-11.226,3.539,10.403,"S","J"],[156.079,-15.044,-236.843,-0.608,0,-0.794,0,1,0,0.794,0,-0.608,-10.024,2.013,10.84,"S","J"],[156.021,-15.038,-236.772,-0.594,0,-0.805,0,1,0,0.805,0,-0.594,-9.042,0.546,11.288,"S","J"],[155.989,-15.04,-236.731,-0.588,0,-0.809,0,1,0,0.809,0,-0.588,-8.786,-0.392,11.36,"S","J"],[155.923,-15.045,-236.642,-0.565,0,-0.825,0,1,0,0.825,0,-0.565,-8.181,0.121,10.982,"S","J"],[155.894,-14.847,-236.603,-0.553,0,-0.833,0,1,0,0.833,0,-0.553,-8.181,49.477,10.982,3,"J"],[155.821,-14.35,-236.505,-0.538,0,-0.843,0,1,0,0.843,0,-0.538,-8.184,55.345,10.994,"S","J"],[155.787,-14.126,-236.458,-0.53,0,-0.848,0,1,0,0.848,0,-0.53,-8.339,54.54,11.561,5,"J"],[155.725,-13.735,-236.365,-0.519,0,-0.855,0,1,0,0.855,0,-0.519,-8.439,53.097,12.576,"S","J"],[155.683,-13.476,-236.301,-0.513,0,-0.858,0,1,0,0.858,0,-0.513,-8.465,52.128,13.234,"S","J"],[155.645,-13.247,-236.242,-0.505,0,-0.863,0,1,0,0.863,0,-0.505,-8.389,51.254,13.507,"S","J"],[155.571,-12.801,-236.119,-0.495,0,-0.869,0,1,0,0.869,0,-0.495,-8.219,49.503,13.712,"S","J"],[155.522,-12.504,-236.035,-0.486,0,-0.874,0,1,0,0.874,0,-0.486,-8.082,48.294,13.804,"S","J"],[155.489,-12.307,-235.977,-0.483,0,-0.876,0,1,0,0.876,0,-0.483,-7.999,47.485,13.855,"S","J"],[155.439,-12.01,-235.888,-0.471,0,-0.882,0,1,0,0.882,0,-0.471,-7.849,46.234,13.942,"S","J"],[155.393,-11.742,-235.805,-0.458,0,-0.889,0,1,0,0.889,0,-0.458,-7.72,45.063,14.014,"S","J"],[155.344,-11.458,-235.715,-0.448,0,-0.894,0,1,0,0.894,0,-0.448,-7.583,43.803,14.088,"S","J"],[155.298,-11.192,-235.626,-0.432,0,-0.902,0,1,0,0.902,0,-0.432,-7.397,42.582,14.186,"S","J"],[155.247,-10.899,-235.525,-0.421,0,-0.907,0,1,0,0.907,0,-0.421,-7.186,41.199,14.295,"S","J"],[155.198,-10.62,-235.425,-0.406,0,-0.914,0,1,0,0.914,0,-0.406,-6.945,39.825,14.412,"S","J"],[155.156,-10.375,-235.334,-0.392,0,-0.92,0,1,0,0.92,0,-0.392,-6.763,38.594,14.5,"S","J"],[155.118,-10.16,-235.25,-0.381,0,-0.924,0,1,0,0.924,0,-0.381,-6.571,37.466,14.587,"S","J"],[155.078,-9.929,-235.157,-0.373,0,-0.928,0,1,0,0.928,0,-0.373,-6.299,36.233,14.706,"S","J"],[155.047,-9.756,-235.084,-0.374,0,-0.927,0,1,0,0.927,0,-0.374,-6.105,35.264,14.787,"S","J"],[154.995,-9.459,-234.955,-0.374,0,-0.927,0,1,0,0.927,0,-0.374,-6.006,33.549,14.83,"S","J"],[154.958,-9.255,-234.862,-0.374,0,-0.927,0,1,0,0.927,0,-0.374,-5.993,32.328,14.835,"S","J"],[154.907,-8.993,-234.737,-0.374,0,-0.927,0,1,0,0.927,0,-0.374,-5.99,30.663,14.836,"S","J"],[154.873,-8.822,-234.652,-0.374,0,-0.927,0,1,0,0.927,0,-0.374,-5.99,29.546,14.836,"S","J"],[154.85,-8.713,-234.596,-0.374,0,-0.927,0,1,0,0.927,0,-0.374,-5.99,28.802,14.836,"S","J"],[154.822,-8.584,-234.527,-0.374,0,-0.927,0,1,0,0.927,0,-0.374,-5.99,27.898,14.836,"S","J"],[154.776,-8.381,-234.414,-0.374,0,-0.927,0,1,0,0.927,0,-0.374,-5.99,26.393,14.836,"S","J"],[154.729,-8.179,-234.295,-0.374,0,-0.927,0,1,0,0.927,0,-0.374,-5.99,24.822,14.836,"S","J"],[154.703,-8.075,-234.231,-0.374,0,-0.927,0,1,0,0.927,0,-0.374,-5.99,23.98,14.836,"S","J"],[154.674,-7.964,-234.16,-0.374,0,-0.927,0,1,0,0.927,0,-0.374,-5.99,23.038,14.836,"S","J"],[154.633,-7.813,-234.057,-0.376,0,-0.927,0,1,0,0.927,0,-0.376,-5.99,21.68,14.836,"S","J"],[154.594,-7.68,-233.962,-0.379,0,-0.925,0,1,0,0.925,0,-0.379,-5.99,20.416,14.836,"S","J"],[154.553,-7.547,-233.861,-0.384,0,-0.923,0,1,0,0.923,0,-0.384,-6.001,19.081,14.831,"S","J"],[154.524,-7.458,-233.788,-0.388,0,-0.922,0,1,0,0.922,0,-0.388,-6.06,18.12,14.808,"S","J"],[154.492,-7.37,-233.712,-0.391,0,-0.92,0,1,0,0.92,0,-0.391,-6.137,17.111,14.776,"S","J"],[154.442,-7.242,-233.593,-0.395,0,-0.919,0,1,0,0.919,0,-0.395,-6.21,15.527,14.746,"S","J"],[154.412,-7.171,-233.522,-0.398,0,-0.917,0,1,0,0.917,0,-0.398,-6.253,14.587,14.728,"S","J"],[154.362,-7.065,-233.406,-0.401,0,-0.916,0,1,0,0.916,0,-0.401,-6.311,13.028,14.703,"S","J"],[154.327,-6.999,-233.325,-0.404,0,-0.915,0,1,0,0.915,0,-0.404,-6.345,11.947,14.688,"S","J"],[154.295,-6.943,-233.252,-0.408,0,-0.913,0,1,0,0.913,0,-0.408,-6.377,10.974,14.674,"S","J"],[154.267,-6.899,-233.187,-0.412,0,-0.911,0,1,0,0.911,0,-0.412,-6.428,10.109,14.652,"S","J"],[154.225,-6.841,-233.092,-0.417,0,-0.909,0,1,0,0.909,0,-0.417,-6.511,8.829,14.615,"S","J"],[154.187,-6.795,-233.009,-0.421,0,-0.907,0,1,0,0.907,0,-0.421,-6.574,7.709,14.587,"S","J"],[154.133,-6.743,-232.891,-0.425,0,-0.905,0,1,0,0.905,0,-0.425,-6.669,6.111,14.544,"S","J"],[154.101,-6.717,-232.821,-0.426,0,-0.905,0,1,0,0.905,0,-0.426,-6.723,5.176,14.519,"S","J"],[154.045,-6.685,-232.702,-0.441,0,-0.898,0,1,0,0.898,0,-0.441,-6.798,3.566,14.484,"S","J"],[154.003,-6.669,-232.614,-0.457,0,-0.89,0,1,0,0.89,0,-0.457,-6.89,2.374,14.44,"S","J"],[153.981,-6.665,-232.569,-0.461,0,-0.887,0,1,0,0.887,0,-0.461,-6.967,1.756,14.403,"S","J"],[153.919,-6.66,-232.444,-0.479,0,-0.878,0,1,0,0.878,0,-0.479,-7.209,0.039,14.283,"S","J"],[153.896,-6.662,-232.399,-0.486,0,-0.874,0,1,0,0.874,0,-0.486,-7.314,-0.579,14.229,"S","J"],[153.845,-6.674,-232.303,-0.493,0,-0.87,0,1,0,0.87,0,-0.493,-7.557,-1.914,14.101,"S","J"],[153.78,-6.7,-232.186,-0.505,0,-0.863,0,1,0,0.863,0,-0.505,-7.746,-3.549,14,"S","J"],[153.735,-6.725,-232.106,-0.513,0,-0.859,0,1,0,0.859,0,-0.513,-7.839,-4.685,13.948,"S","J"],[153.707,-6.744,-232.057,-0.516,0,-0.856,0,1,0,0.856,0,-0.516,-7.952,-5.366,13.884,"S","J"],[153.652,-6.715,-231.964,-0.521,0,-0.854,0,1,0,0.854,0,-0.521,-8.137,4.06,13.775,7,"J"],[153.606,-6.636,-231.887,-0.525,0,-0.851,0,1,0,0.851,0,-0.525,-8.236,17.134,13.717,"S","J"],[153.567,-6.541,-231.822,-0.528,0,-0.849,0,1,0,0.849,0,-0.528,-8.296,20.364,13.681,"S","J"],[153.496,-6.374,-231.706,-0.534,0,-0.846,0,1,0,0.846,0,-0.534,-8.395,18.967,13.621,"S","J"],[153.437,-6.252,-231.613,-0.537,0,-0.844,0,1,0,0.844,0,-0.537,-8.422,17.289,13.604,"S","J"],[153.389,-6.158,-231.535,-0.539,0,-0.842,0,1,0,0.842,0,-0.539,-8.427,16.167,13.601,"S","J"],[153.354,-6.094,-231.478,-0.542,0,-0.84,0,1,0,0.84,0,-0.542,-8.428,15.356,13.6,"S","J"],[153.32,-6.043,-231.424,-0.542,0,-0.84,0,1,0,0.84,0,-0.542,-8.47,13.59,13.574,"S","J"],[153.258,-5.974,-231.328,-0.541,0,-0.841,0,1,0,0.841,0,-0.541,-8.632,8.399,13.472,8,"J"],[153.208,-5.935,-231.248,-0.541,0,-0.841,0,1,0,0.841,0,-0.541,-8.652,6.6,13.459,7,"J"],[153.149,-5.897,-231.156,-0.541,0,-0.841,0,1,0,0.841,0,-0.541,-8.66,5.25,13.454,"S","J"],[153.08,-5.863,-231.05,-0.541,0,-0.841,0,1,0,0.841,0,-0.541,-8.661,3.982,13.453,"S","J"],[153.058,-5.854,-231.015,-0.541,0,-0.841,0,1,0,0.841,0,-0.541,-8.661,3.64,13.453,"S","J"],[152.993,-5.837,-230.913,-0.541,0,-0.841,0,1,0,0.841,0,-0.541,-8.661,1.951,13.453,"S","J"],[152.931,-5.83,-230.818,-0.541,0,-0.841,0,1,0,0.841,0,-0.541,-8.661,0.637,13.453,"S","J"],[152.906,-5.829,-230.779,-0.541,0,-0.841,0,1,0,0.841,0,-0.541,-8.661,0.32,13.453,"S","J"],[152.833,-5.829,-230.666,-0.541,0,-0.841,0,1,0,0.841,0,-0.541,-8.016,0.498,12.451,"S","J"],[152.8,-5.63,-230.614,-0.541,0,-0.841,0,1,0,0.841,0,-0.541,-8.016,47.684,12.451,3,"J"],[152.736,-5.258,-230.516,-0.541,0,-0.841,0,1,0,0.841,0,-0.541,-8.016,46.911,12.451,"S","J"],[152.681,-4.958,-230.43,-0.541,0,-0.841,0,1,0,0.841,0,-0.541,-8.409,45.654,13.06,"S","J"],[152.63,-4.691,-230.351,-0.541,0,-0.841,0,1,0,0.841,0,-0.541,-8.607,44.485,13.368,5,"J"],[152.583,-4.451,-230.277,-0.541,0,-0.841,0,1,0,0.841,0,-0.541,-8.646,43.401,13.429,"S","J"],[152.509,-4.092,-230.162,-0.541,0,-0.841,0,1,0,0.841,0,-0.541,-8.66,41.734,13.45,"S","J"],[152.485,-3.978,-230.125,-0.541,0,-0.841,0,1,0,0.841,0,-0.541,-8.661,41.189,13.451,"S","J"],[152.429,-3.72,-230.038,-0.541,0,-0.841,0,1,0,0.841,0,-0.541,-8.661,39.922,13.452,"S","J"],[152.377,-3.487,-229.958,-0.541,0,-0.841,0,1,0,0.841,0,-0.541,-8.661,38.752,13.453,"S","J"],[152.31,-3.197,-229.854,-0.541,0,-0.841,0,1,0,0.841,0,-0.541,-8.661,37.232,13.453,"S","J"],[152.261,-2.991,-229.778,-0.541,0,-0.841,0,1,0,0.841,0,-0.541,-8.661,36.12,13.453,"S","J"],[152.216,-2.809,-229.708,-0.541,0,-0.841,0,1,0,0.841,0,-0.541,-8.661,35.104,13.453,"S","J"],[152.168,-2.619,-229.633,-0.541,0,-0.841,0,1,0,0.841,0,-0.541,-8.661,34.013,13.453,"S","J"],[152.119,-2.428,-229.556,-0.543,0,-0.84,0,1,0,0.84,0,-0.543,-8.663,32.885,13.452,"S","J"],[152.064,-2.229,-229.472,-0.555,0,-0.832,0,1,0,0.832,0,-0.555,-8.702,31.652,13.427,"S","J"],[152.015,-2.056,-229.397,-0.559,0,-0.829,0,1,0,0.829,0,-0.559,-8.758,30.557,13.391,"S","J"],[151.965,-1.891,-229.322,-0.566,0,-0.825,0,1,0,0.825,0,-0.566,-8.839,29.456,13.337,"S","J"],[151.905,-1.699,-229.233,-0.57,0,-0.822,0,1,0,0.822,0,-0.57,-8.925,28.135,13.279,"S","J"],[151.867,-1.582,-229.176,-0.575,0,-0.818,0,1,0,0.818,0,-0.575,-8.991,27.296,13.235,"S","J"],[151.793,-1.37,-229.069,-0.578,0,-0.816,0,1,0,0.816,0,-0.578,-9.096,25.704,13.162,"S","J"],[151.76,-1.28,-229.022,-0.582,0,-0.813,0,1,0,0.813,0,-0.582,-9.152,24.989,13.124,"S","J"],[151.69,-1.098,-228.922,-0.588,0,-0.809,0,1,0,0.809,0,-0.588,-9.222,23.492,13.074,"S","J"],[151.647,-0.993,-228.861,-0.589,0,-0.808,0,1,0,0.808,0,-0.589,-9.279,22.585,13.034,"S","J"],[151.606,-0.898,-228.804,-0.593,0,-0.805,0,1,0,0.805,0,-0.593,-9.355,21.722,12.98,"S","J"],[151.543,-0.762,-228.718,-0.595,0,-0.804,0,1,0,0.804,0,-0.595,-9.399,20.426,12.949,"S","J"],[151.463,-0.599,-228.609,-0.599,0,-0.8,0,1,0,0.8,0,-0.599,-9.48,18.756,12.888,"S","J"],[151.389,-0.46,-228.509,-0.602,0,-0.798,0,1,0,0.798,0,-0.602,-9.542,17.219,12.843,"S","J"],[151.344,-0.384,-228.448,-0.605,0,-0.796,0,1,0,0.796,0,-0.605,-9.577,16.298,12.818,"S","J"],[151.277,-0.278,-228.36,-0.609,0,-0.793,0,1,0,0.793,0,-0.609,-9.62,14.938,12.784,"S","J"],[151.237,-0.219,-228.306,-0.612,0,-0.791,0,1,0,0.791,0,-0.612,-9.655,14.12,12.758,"S","J"],[151.193,-0.159,-228.249,-0.615,0,-0.789,0,1,0,0.789,0,-0.615,-9.719,13.235,12.71,"S","J"],[151.115,-0.062,-228.148,-0.617,0,-0.787,0,1,0,0.787,0,-0.617,-9.785,11.664,12.659,"S","J"],[151.08,-0.025,-228.103,-0.622,0,-0.783,0,1,0,0.783,0,-0.622,-9.812,10.982,12.638,"S","J"],[151.012,0.043,-228.016,-0.626,0,-0.78,0,1,0,0.78,0,-0.626,-9.856,9.627,12.604,"S","J"],[150.948,0.098,-227.936,-0.63,0,-0.777,0,1,0,0.777,0,-0.63,-9.929,8.371,12.546,"S","J"],[150.868,0.157,-227.835,-0.635,0,-0.772,0,1,0,0.772,0,-0.635,-10.025,6.781,12.469,"S","J"],[150.825,0.183,-227.782,-0.638,0,-0.77,0,1,0,0.77,0,-0.638,-10.063,5.941,12.44,"S","J"],[150.771,0.207,-227.717,-0.639,0,-0.769,0,1,0,0.769,0,-0.639,-10.118,4.919,12.395,"S","J"],[150.696,0.236,-227.627,-0.643,0,-0.766,0,1,0,0.766,0,-0.643,-10.215,3.47,12.316,"S","J"],[150.619,0.253,-227.534,-0.643,0,-0.766,0,1,0,0.766,0,-0.643,-10.244,1.995,12.29,"S","J"],[150.574,0.259,-227.48,-0.646,0,-0.764,0,1,0,0.764,0,-0.646,-10.274,1.132,12.266,"S","J"],[150.537,0.26,-227.437,-0.646,0,-0.764,0,1,0,0.764,0,-0.646,-10.284,0.445,12.258,"S","J"],[150.444,0.252,-227.327,-0.646,0,-0.764,0,1,0,0.764,0,-0.646,-10.325,-1.324,12.223,"S","J"],[150.401,0.243,-227.275,-0.648,0,-0.761,0,1,0,0.761,0,-0.648,-10.33,-2.155,12.219,"S","J"],[150.314,0.215,-227.173,-0.648,0,-0.761,0,1,0,0.761,0,-0.648,-10.332,-3.794,12.217,"S","J"],[150.271,0.196,-227.122,-0.648,0,-0.761,0,1,0,0.761,0,-0.648,-10.357,-4.623,12.196,"S","J"],[150.206,0.159,-227.045,-0.651,0,-0.759,0,1,0,0.759,0,-0.651,-10.367,-5.86,12.187,"S","J"],[150.125,0.104,-226.95,-0.651,0,-0.759,0,1,0,0.759,0,-0.651,-10.378,-7.377,12.178,"S","J"],[150.054,0.047,-226.866,-0.651,0,-0.759,0,1,0,0.759,0,-0.651,-10.406,-8.733,12.154,"S","J"],[150.004,0.002,-226.808,-0.651,0,-0.759,0,1,0,0.759,0,-0.651,-10.41,-9.665,12.151,"S","J"],[149.962,-0.041,-226.76,-0.651,0,-0.759,0,1,0,0.759,0,-0.651,-10.411,-10.461,12.15,"S","J"],[149.871,-0.144,-226.654,-0.651,0,-0.759,0,1,0,0.759,0,-0.651,-10.412,-12.17,12.149,"S","J"],[149.817,-0.213,-226.59,-0.651,0,-0.759,0,1,0,0.759,0,-0.651,-10.412,-13.195,12.149,"S","J"],[149.737,-0.321,-226.498,-0.651,0,-0.759,0,1,0,0.759,0,-0.651,-10.412,-14.688,12.149,"S","J"],[149.71,-0.362,-226.466,-0.651,0,-0.759,0,1,0,0.759,0,-0.651,-10.412,-15.203,12.149,"S","J"],[149.621,-0.502,-226.362,-0.651,0,-0.759,0,1,0,0.759,0,-0.651,-10.412,-16.883,12.149,"S","J"],[149.584,-0.565,-226.319,-0.651,0,-0.759,0,1,0,0.759,0,-0.651,-10.412,-17.578,12.149,"S","J"],[149.492,-0.731,-226.211,-0.651,0,-0.759,0,1,0,0.759,0,-0.651,-10.412,-19.311,12.149,"S","J"],[149.455,-0.801,-226.169,-0.651,0,-0.759,0,1,0,0.759,0,-0.651,-10.412,-19.999,12.149,"S","J"],[149.412,-0.887,-226.118,-0.65,0,-0.76,0,1,0,0.76,0,-0.65,-10.409,-20.81,12.152,"S","J"],[149.375,-0.966,-226.073,-0.651,0,-0.759,0,1,0,0.759,0,-0.651,-10.41,-21.527,12.151,"S","J"],[149.315,-1.097,-226.003,-0.651,0,-0.759,0,1,0,0.759,0,-0.651,-10.412,-22.658,12.149,"S","J"],[149.259,-1.221,-225.939,-0.651,0,-0.759,0,1,0,0.759,0,-0.651,-10.412,-23.698,12.148,"S","J"],[149.164,-1.452,-225.827,-0.651,0,-0.759,0,1,0,0.759,0,-0.651,-10.413,-25.502,12.148,"S","J"],[149.124,-1.55,-225.782,-0.651,0,-0.759,0,1,0,0.759,0,-0.651,-10.413,-26.241,12.148,"S","J"],[149.083,-1.655,-225.734,-0.651,0,-0.759,0,1,0,0.759,0,-0.651,-10.413,-27.007,12.148,"S","J"],[149.001,-1.879,-225.638,-0.651,0,-0.759,0,1,0,0.759,0,-0.651,-10.413,-28.558,12.148,"S","J"],[148.915,-2.126,-225.538,-0.651,0,-0.759,0,1,0,0.759,0,-0.651,-10.413,-30.186,12.148,"S","J"],[148.859,-2.292,-225.472,-0.651,0,-0.759,0,1,0,0.759,0,-0.651,-10.413,-31.237,12.148,"S","J"],[148.808,-2.452,-225.411,-0.651,0,-0.759,0,1,0,0.759,0,-0.651,-10.413,-32.214,12.148,"S","J"],[148.713,-2.756,-225.301,-0.651,0,-0.759,0,1,0,0.759,0,-0.651,-10.413,-33.995,12.148,"S","J"],[148.681,-2.801,-225.264,-0.651,0,-0.759,0,1,0,0.759,0,-0.651,-10.413,-19.709,12.148,7,"J"],[148.62,-2.833,-225.193,-0.651,0,-0.759,0,1,0,0.759,0,-0.651,-10.413,-6.852,12.148,"S","J"],[148.548,-2.848,-225.109,-0.651,0,-0.759,0,1,0,0.759,0,-0.651,-10.413,-0.972,12.148,"S","J"],[148.479,-2.85,-225.028,-0.651,0,-0.759,0,1,0,0.759,0,-0.651,-10.413,-0.289,12.148,"S","J"],[148.416,-2.85,-224.956,-0.651,0,-0.759,0,1,0,0.759,0,-0.651,-10.413,-0.05,12.148,"S","J"],[148.377,-2.85,-224.909,-0.651,0,-0.759,0,1,0,0.759,0,-0.651,-10.413,-0.02,12.148,"S","J"],[148.309,-2.85,-224.83,-0.651,0,-0.759,0,1,0,0.759,0,-0.651,-10.413,-0.005,12.148,"S","J"],[148.227,-2.85,-224.736,-0.651,0,-0.759,0,1,0,0.759,0,-0.651,-10.413,0.001,12.148,"S","J"],[148.166,-2.852,-224.664,-0.651,0,-0.759,0,1,0,0.759,0,-0.651,-10.195,-0.457,11.894,8,"J"],[148.111,-2.641,-224.599,-0.651,0,-0.759,0,1,0,0.759,0,-0.651,-10.025,51.031,11.696,"S","J"],[148.043,-2.262,-224.52,-0.651,0,-0.759,0,1,0,0.759,0,-0.651,-10.269,57.101,11.981,3,"J"],[147.981,-1.925,-224.448,-0.651,0,-0.759,0,1,0,0.759,0,-0.651,-10.389,55.926,12.12,5,"J"],[147.91,-1.547,-224.364,-0.651,0,-0.759,0,1,0,0.759,0,-0.651,-10.413,54.57,12.137,"S","J"],[147.841,-1.192,-224.284,-0.651,0,-0.759,0,1,0,0.759,0,-0.651,-10.419,53.273,12.141,"S","J"],[147.768,-0.833,-224.2,-0.651,0,-0.759,0,1,0,0.759,0,-0.651,-10.42,51.92,12.141,"S","J"],[147.719,-0.586,-224.142,-0.651,0,-0.759,0,1,0,0.759,0,-0.651,-10.42,50.976,12.142,"S","J"],[147.659,-0.302,-224.072,-0.651,0,-0.759,0,1,0,0.759,0,-0.651,-10.42,49.859,12.142,"S","J"],[147.601,-0.029,-224.004,-0.651,0,-0.759,0,1,0,0.759,0,-0.651,-10.42,48.76,12.142,"S","J"],[147.557,0.174,-223.953,-0.651,0,-0.759,0,1,0,0.759,0,-0.651,-10.42,47.934,12.142,"S","J"],[147.469,0.567,-223.851,-0.651,0,-0.759,0,1,0,0.759,0,-0.651,-10.42,46.277,12.142,"S","J"],[147.415,0.806,-223.787,-0.651,0,-0.759,0,1,0,0.759,0,-0.651,-10.42,45.247,12.142,"S","J"],[147.333,1.148,-223.693,-0.651,0,-0.759,0,1,0,0.759,0,-0.651,-10.42,43.719,12.142,"S","J"],[147.283,1.356,-223.635,-0.651,0,-0.759,0,1,0,0.759,0,-0.651,-10.42,42.777,12.142,"S","J"],[147.239,1.533,-223.583,-0.651,0,-0.759,0,1,0,0.759,0,-0.651,-10.42,41.948,12.142,"S","J"],[147.144,1.901,-223.473,-0.651,0,-0.759,0,1,0,0.759,0,-0.651,-10.42,40.17,12.142,"S","J"],[147.09,2.107,-223.409,-0.651,0,-0.759,0,1,0,0.759,0,-0.651,-10.42,39.136,12.142,"S","J"],[147.014,2.385,-223.32,-0.651,0,-0.759,0,1,0,0.759,0,-0.651,-10.42,37.706,12.142,"S","J"],[146.964,2.561,-223.263,-0.651,0,-0.759,0,1,0,0.759,0,-0.651,-10.42,36.766,12.142,"S","J"],[146.883,2.838,-223.168,-0.651,0,-0.759,0,1,0,0.759,0,-0.651,-10.42,35.24,12.142,"S","J"],[146.865,2.896,-223.148,-0.651,0,-0.759,0,1,0,0.759,0,-0.651,-10.42,34.912,12.142,"S","J"],[146.783,3.162,-223.052,-0.651,0,-0.759,0,1,0,0.759,0,-0.651,-10.42,33.359,12.142,"S","J"],[146.73,3.329,-222.989,-0.651,0,-0.759,0,1,0,0.759,0,-0.651,-10.42,32.355,12.142,"S","J"],[146.687,3.458,-222.94,-0.651,0,-0.759,0,1,0,0.759,0,-0.651,-10.42,31.552,12.142,"S","J"],[146.614,3.671,-222.854,-0.651,0,-0.759,0,1,0,0.759,0,-0.651,-10.42,30.175,12.142,"S","J"],[146.562,3.816,-222.795,-0.651,0,-0.759,0,1,0,0.759,0,-0.651,-10.42,29.208,12.142,"S","J"],[146.483,4.029,-222.702,-0.651,0,-0.759,0,1,0,0.759,0,-0.651,-10.42,27.71,12.142,"S","J"],[146.431,4.165,-222.641,-0.651,0,-0.759,0,1,0,0.759,0,-0.651,-10.42,26.724,12.142,"S","J"],[146.373,4.308,-222.573,-0.651,0,-0.759,0,1,0,0.759,0,-0.651,-10.42,25.634,12.142,"S","J"],[146.288,4.507,-222.474,-0.651,0,-0.759,0,1,0,0.759,0,-0.651,-10.42,24.033,12.142,"S","J"],[146.243,4.609,-222.422,-0.651,0,-0.759,0,1,0,0.759,0,-0.651,-10.42,23.182,12.142,"S","J"],[146.199,4.702,-222.371,-0.651,0,-0.759,0,1,0,0.759,0,-0.651,-10.42,22.364,12.142,"S","J"],[146.114,4.873,-222.273,-0.651,0,-0.759,0,1,0,0.759,0,-0.651,-10.42,20.778,12.142,"S","J"],[146.048,4.998,-222.195,-0.651,0,-0.759,0,1,0,0.759,0,-0.651,-10.42,19.52,12.142,"S","J"],[145.971,5.136,-222.105,-0.651,0,-0.759,0,1,0,0.759,0,-0.651,-10.42,18.064,12.142,"S","J"],[145.949,5.172,-222.08,-0.651,0,-0.759,0,1,0,0.759,0,-0.651,-10.42,17.655,12.142,"S","J"],[145.84,5.341,-221.953,-0.651,0,-0.759,0,1,0,0.759,0,-0.651,-10.42,15.606,12.142,"S","J"],[145.76,5.451,-221.86,-0.651,0,-0.759,0,1,0,0.759,0,-0.651,-10.42,14.091,12.142,"S","J"],[145.707,5.519,-221.798,-0.651,0,-0.759,0,1,0,0.759,0,-0.651,-10.42,13.103,12.142,"S","J"],[145.624,5.613,-221.702,-0.651,0,-0.759,0,1,0,0.759,0,-0.651,-10.42,11.54,12.142,"S","J"],[145.572,5.667,-221.641,-0.651,0,-0.759,0,1,0,0.759,0,-0.651,-10.42,10.568,12.142,"S","J"],[145.504,5.728,-221.562,-0.651,0,-0.759,0,1,0,0.759,0,-0.651,-10.42,9.284,12.142,"S","J"],[145.446,5.776,-221.494,-0.651,0,-0.759,0,1,0,0.759,0,-0.651,-10.42,8.189,12.142,"S","J"],[145.41,5.802,-221.452,-0.651,0,-0.759,0,1,0,0.759,0,-0.651,-10.42,7.503,12.142,"S","J"],[145.314,5.859,-221.339,-0.651,0,-0.759,0,1,0,0.759,0,-0.651,-10.42,5.692,12.142,"S","J"],[145.277,5.876,-221.297,-0.651,0,-0.759,0,1,0,0.759,0,-0.651,-10.42,4.999,12.142,"S","J"],[145.18,5.911,-221.184,-0.651,0,-0.759,0,1,0,0.759,0,-0.651,-10.42,3.18,12.142,"S","J"],[145.136,5.92,-221.133,-0.651,0,-0.759,0,1,0,0.759,0,-0.651,-10.42,2.356,12.142,"S","J"],[145.092,5.926,-221.081,-0.651,0,-0.759,0,1,0,0.759,0,-0.651,-10.42,1.513,12.142,"S","J"],[145.015,5.929,-220.992,-0.651,0,-0.759,0,1,0,0.759,0,-0.651,-10.42,0.075,12.142,"S","J"],[144.934,5.921,-220.897,-0.651,0,-0.759,0,1,0,0.759,0,-0.651,-10.42,-1.461,12.142,"S","J"],[144.888,5.911,-220.844,-0.651,0,-0.759,0,1,0,0.759,0,-0.651,-10.42,-2.32,12.142,"S","J"],[144.836,5.895,-220.783,-0.651,0,-0.759,0,1,0,0.759,0,-0.651,-10.42,-3.307,12.142,"S","J"],[144.805,5.884,-220.747,-0.651,0,-0.759,0,1,0,0.759,0,-0.651,-10.42,-3.884,12.142,"S","J"],[144.732,5.847,-220.662,-0.651,0,-0.759,0,1,0,0.759,0,-0.651,-10.42,-5.26,12.142,"S","J"],[144.651,5.798,-220.568,-0.651,0,-0.759,0,1,0,0.759,0,-0.651,-10.42,-6.783,12.142,"S","J"],[144.578,5.743,-220.483,-0.651,0,-0.759,0,1,0,0.759,0,-0.651,-10.42,-8.154,12.142,"S","J"],[144.521,5.692,-220.416,-0.651,0,-0.759,0,1,0,0.759,0,-0.651,-10.42,-9.225,12.142,"S","J"],[144.47,5.643,-220.357,-0.651,0,-0.759,0,1,0,0.759,0,-0.651,-10.42,-10.192,12.142,"S","J"],[144.43,5.602,-220.31,-0.651,0,-0.759,0,1,0,0.759,0,-0.651,-10.42,-10.947,12.142,"S","J"],[144.346,5.502,-220.211,-0.651,0,-0.759,0,1,0,0.759,0,-0.651,-10.42,-12.545,12.142,"S","J"],[144.274,5.408,-220.128,-0.651,0,-0.759,0,1,0,0.759,0,-0.651,-10.42,-13.889,12.142,"S","J"],[144.21,5.318,-220.054,-0.651,0,-0.759,0,1,0,0.759,0,-0.651,-10.42,-15.085,12.142,"S","J"],[144.166,5.25,-220.002,-0.651,0,-0.759,0,1,0,0.759,0,-0.651,-10.42,-15.924,12.142,"S","J"],[144.099,5.14,-219.924,-0.651,0,-0.759,0,1,0,0.759,0,-0.651,-10.42,-17.186,12.142,"S","J"],[144.037,5.033,-219.852,-0.651,0,-0.759,0,1,0,0.759,0,-0.651,-10.42,-18.353,12.142,"S","J"],[143.976,4.918,-219.781,-0.651,0,-0.759,0,1,0,0.759,0,-0.651,-10.42,-19.506,12.142,"S","J"],[143.915,4.799,-219.71,-0.651,0,-0.759,0,1,0,0.759,0,-0.651,-10.42,-20.65,12.142,"S","J"],[143.819,4.597,-219.598,-0.651,0,-0.759,0,1,0,0.759,0,-0.651,-10.42,-22.453,12.142,"S","J"],[143.778,4.506,-219.55,-0.651,0,-0.759,0,1,0,0.759,0,-0.651,-10.42,-23.232,12.142,"S","J"],[143.706,4.337,-219.466,-0.651,0,-0.759,0,1,0,0.759,0,-0.651,-10.42,-24.584,12.142,"S","J"],[143.642,4.181,-219.392,-0.651,0,-0.759,0,1,0,0.759,0,-0.651,-10.42,-25.793,12.142,"S","J"],[143.575,4.007,-219.313,-0.651,0,-0.759,0,1,0,0.759,0,-0.651,-10.42,-27.056,12.142,"S","J"],[143.492,3.783,-219.217,-0.651,0,-0.759,0,1,0,0.759,0,-0.651,-10.42,-28.614,12.142,"S","J"],[143.438,3.628,-219.154,-0.651,0,-0.759,0,1,0,0.759,0,-0.651,-10.42,-29.641,12.142,"S","J"],[143.373,3.441,-219.079,-0.651,0,-0.759,0,1,0,0.759,0,-0.651,-10.42,-30.845,12.142,"S","J"],[143.328,3.302,-219.026,-0.651,0,-0.759,0,1,0,0.759,0,-0.651,-10.42,-31.705,12.142,"S","J"],[143.266,3.107,-218.954,-0.651,0,-0.759,0,1,0,0.759,0,-0.651,-10.42,-32.867,12.142,"S","J"],[143.208,2.919,-218.886,-0.651,0,-0.759,0,1,0,0.759,0,-0.651,-10.42,-33.961,12.142,"S","J"],[143.137,2.678,-218.803,-0.651,0,-0.759,0,1,0,0.759,0,-0.651,-10.42,-35.306,12.142,"S","J"],[143.078,2.473,-218.734,-0.651,0,-0.759,0,1,0,0.759,0,-0.651,-10.42,-36.426,12.142,"S","J"],[142.999,2.188,-218.642,-0.651,0,-0.759,0,1,0,0.759,0,-0.651,-10.42,-37.906,12.142,"S","J"],[142.946,1.995,-218.581,-0.651,0,-0.759,0,1,0,0.759,0,-0.651,-10.42,-38.886,12.142,"S","J"],[142.88,1.741,-218.504,-0.651,0,-0.759,0,1,0,0.759,0,-0.651,-10.42,-40.132,12.142,"S","J"],[142.8,1.426,-218.412,-0.651,0,-0.759,0,1,0,0.759,0,-0.651,-10.42,-41.624,12.142,"S","J"],[142.735,1.16,-218.335,-0.651,0,-0.759,0,1,0,0.759,0,-0.651,-10.42,-42.856,12.142,"S","J"],[142.685,0.947,-218.277,-0.651,0,-0.759,0,1,0,0.759,0,-0.651,-10.42,-43.805,12.142,"S","J"],[142.605,0.601,-218.183,-0.651,0,-0.759,0,1,0,0.759,0,-0.651,-10.42,-45.32,12.142,"S","J"],[142.564,0.421,-218.136,-0.651,0,-0.759,0,1,0,0.759,0,-0.651,-10.42,-46.085,12.142,"S","J"],[142.494,0.106,-218.055,-0.651,0,-0.759,0,1,0,0.759,0,-0.651,-10.42,-47.394,12.142,"S","J"],[142.435,-0.168,-217.986,-0.651,0,-0.759,0,1,0,0.759,0,-0.651,-10.42,-48.509,12.142,"S","J"],[142.378,-0.441,-217.919,-0.651,0,-0.759,0,1,0,0.759,0,-0.651,-10.42,-49.583,12.142,"S","J"],[142.311,-0.673,-217.841,-0.651,0,-0.759,0,1,0,0.759,0,-0.651,-10.42,-37.185,12.142,7,"J"],[142.227,-0.7,-217.744,-0.651,0,-0.759,0,1,0,0.759,0,-0.651,-10.42,5.947,12.142,"S","J"],[142.176,-0.632,-217.684,-0.651,0,-0.759,0,1,0,0.759,0,-0.651,-10.42,14.258,12.142,"S","J"],[142.134,-0.565,-217.636,-0.651,0,-0.759,0,1,0,0.759,0,-0.651,-10.42,16.254,12.142,"S","J"],[142.046,-0.421,-217.532,-0.651,0,-0.759,0,1,0,0.759,0,-0.651,-10.42,16.727,12.142,"S","J"],[141.996,-0.346,-217.474,-0.651,0,-0.759,0,1,0,0.759,0,-0.651,-10.42,15.787,12.142,"S","J"],[141.928,-0.251,-217.395,-0.651,0,-0.759,0,1,0,0.759,0,-0.651,-10.42,14.023,12.142,"S","J"],[141.87,-0.187,-217.328,-0.651,0,-0.759,0,1,0,0.759,0,-0.651,-10.42,11.68,12.142,"S","J"],[141.808,-0.125,-217.255,-0.651,0,-0.759,0,1,0,0.759,0,-0.651,-10.42,9.886,12.142,8,"J"],[141.734,-0.067,-217.168,-0.651,0,-0.759,0,1,0,0.759,0,-0.651,-10.42,7.939,12.142,"S","J"],[141.653,-0.016,-217.074,-0.651,0,-0.759,0,1,0,0.759,0,-0.651,-10.42,5.866,12.142,"S","J"],[141.61,0.004,-217.023,-0.651,0,-0.759,0,1,0,0.759,0,-0.651,-10.42,4.902,12.142,"S","J"],[141.537,0.03,-216.939,-0.651,0,-0.759,0,1,0,0.759,0,-0.651,-10.42,3.513,12.142,"S","J"],[141.464,0.046,-216.854,-0.651,0,-0.759,0,1,0,0.759,0,-0.651,-10.42,2.145,12.142,"S","J"],[141.4,0.055,-216.779,-0.651,0,-0.759,0,1,0,0.759,0,-0.651,-10.42,0.925,12.142,"S","J"],[141.342,0.056,-216.713,-0.651,0,-0.759,0,1,0,0.759,0,-0.651,-10.42,0.338,12.142,"S","J"],[141.272,0.059,-216.631,-0.651,0,-0.759,0,1,0,0.759,0,-0.651,-10.42,0.527,12.142,"S","J"],[141.222,0.065,-216.572,-0.651,0,-0.759,0,1,0,0.759,0,-0.651,-10.42,1.314,12.142,"S","J"],[141.15,0.077,-216.488,-0.651,0,-0.759,0,1,0,0.759,0,-0.651,-10.42,1.64,12.142,"S","J"],[141.074,0.084,-216.398,-0.651,0,-0.759,0,1,0,0.759,0,-0.651,-10.42,0.854,12.142,"S","J"],[141.012,0.086,-216.327,-0.651,0,-0.759,0,1,0,0.759,0,-0.651,-10.42,0.388,12.142,"S","J"],[140.967,0.085,-216.276,-0.651,0,-0.759,0,1,0,0.759,0,-0.651,-10.234,-0.189,11.926,"S","J"],[140.912,0.079,-216.211,-0.651,0,-0.759,0,1,0,0.759,0,-0.651,-9.707,-1.299,11.312,"S","J"],[140.87,0.271,-216.163,-0.651,0,-0.759,0,1,0,0.759,0,-0.651,-9.644,46.227,11.238,"S","J"],[140.805,0.604,-216.088,-0.651,0,-0.759,0,1,0,0.759,0,-0.651,-10.1,51.848,11.769,3,"J"],[140.722,1.011,-215.991,-0.651,0,-0.759,0,1,0,0.759,0,-0.651,-10.374,50.267,12.087,5,"J"],[140.649,1.357,-215.906,-0.651,0,-0.759,0,1,0,0.759,0,-0.651,-10.412,48.892,12.133,"S","J"],[140.609,1.544,-215.858,-0.651,0,-0.759,0,1,0,0.759,0,-0.651,-10.417,48.131,12.138,"S","J"],[140.555,1.788,-215.796,-0.651,0,-0.759,0,1,0,0.759,0,-0.651,-10.419,47.115,12.14,"S","J"],[140.481,2.117,-215.708,-0.651,0,-0.759,0,1,0,0.759,0,-0.651,-10.42,45.712,12.142,"S","J"],[140.424,2.357,-215.644,-0.651,0,-0.759,0,1,0,0.759,0,-0.651,-10.42,44.661,12.142,"S","J"],[140.35,2.669,-215.557,-0.651,0,-0.759,0,1,0,0.759,0,-0.651,-10.42,43.259,12.142,"S","J"],[140.294,2.895,-215.492,-0.651,0,-0.759,0,1,0,0.759,0,-0.651,-10.42,42.206,12.142,"S","J"],[140.22,3.189,-215.405,-0.651,0,-0.759,0,1,0,0.759,0,-0.651,-10.42,40.804,12.142,"S","J"],[140.16,3.415,-215.335,-0.651,0,-0.759,0,1,0,0.759,0,-0.651,-10.42,39.685,12.142,"S","J"],[140.082,3.708,-215.244,-0.651,0,-0.759,0,1,0,0.759,0,-0.651,-10.42,38.201,12.142,"S","J"],[140.034,3.879,-215.188,-0.651,0,-0.759,0,1,0,0.759,0,-0.651,-10.42,37.297,12.142,"S","J"],[139.972,4.095,-215.116,-0.651,0,-0.759,0,1,0,0.759,0,-0.651,-10.42,36.129,12.142,"S","J"],[139.914,4.288,-215.05,-0.651,0,-0.759,0,1,0,0.759,0,-0.651,-10.42,35.059,12.142,"S","J"],[139.844,4.519,-214.966,-0.651,0,-0.759,0,1,0,0.759,0,-0.651,-10.42,33.718,12.142,"S","J"],[139.769,4.753,-214.88,-0.651,0,-0.759,0,1,0,0.759,0,-0.651,-10.42,32.314,12.142,"S","J"],[139.712,4.925,-214.812,-0.651,0,-0.759,0,1,0,0.759,0,-0.651,-10.42,31.232,12.142,"S","J"],[139.645,5.119,-214.735,-0.651,0,-0.759,0,1,0,0.759,0,-0.651,-10.42,29.983,12.142,"S","J"],[139.605,5.231,-214.689,-0.654,0,-0.756,0,1,0,0.756,0,-0.654,-10.42,29.231,12.142,"S","J"],[139.544,5.393,-214.62,-0.699,0,-0.715,0,1,0,0.715,0,-0.699,-10.505,28.1,12.066,"S","J"],[139.458,5.608,-214.526,-0.717,0,-0.698,0,1,0,0.698,0,-0.717,-10.842,26.532,11.764,"S","J"],[139.393,5.759,-214.457,-0.729,0,-0.684,0,1,0,0.684,0,-0.729,-11.041,25.376,11.578,"S","J"],[139.323,5.91,-214.387,-0.748,0,-0.663,0,1,0,0.663,0,-0.748,-11.356,24.162,11.266,"S","J"],[139.293,5.971,-214.359,-0.762,0,-0.648,0,1,0,0.648,0,-0.762,-11.517,23.657,11.1,"S","J"],[139.182,6.181,-214.257,-0.78,0,-0.625,0,1,0,0.625,0,-0.78,-11.87,21.809,10.726,"S","J"],[139.139,6.255,-214.22,-0.793,0,-0.61,0,1,0,0.61,0,-0.793,-12.077,21.112,10.49,"S","J"],[139.062,6.379,-214.157,-0.806,0,-0.592,0,1,0,0.592,0,-0.806,-12.391,19.899,10.115,"S","J"],[138.997,6.477,-214.106,-0.816,0,-0.579,0,1,0,0.579,0,-0.816,-12.587,18.887,9.873,"S","J"],[138.88,6.64,-214.017,-0.825,0,-0.565,0,1,0,0.565,0,-0.825,-12.805,17.072,9.592,"S","J"],[138.813,6.724,-213.969,-0.833,0,-0.553,0,1,0,0.553,0,-0.833,-13.008,16.061,9.314,"S","J"],[138.75,6.795,-213.926,-0.837,0,-0.548,0,1,0,0.548,0,-0.837,-13.148,15.132,9.114,"S","J"],[138.655,6.896,-213.862,-0.838,0,-0.546,0,1,0,0.546,0,-0.838,-13.295,13.736,8.902,"S","J"],[138.583,6.964,-213.815,-0.838,0,-0.546,0,1,0,0.546,0,-0.838,-13.355,12.67,8.811,"S","J"],[138.479,7.054,-213.747,-0.838,0,-0.546,0,1,0,0.546,0,-0.838,-13.399,11.146,8.743,"S","J"],[138.412,7.104,-213.702,-0.838,0,-0.546,0,1,0,0.546,0,-0.838,-13.405,10.162,8.736,"S","J"],[138.317,7.17,-213.64,-0.838,0,-0.546,0,1,0,0.546,0,-0.838,-13.407,8.76,8.733,"S","J"],[138.252,7.208,-213.599,-0.838,0,-0.546,0,1,0,0.546,0,-0.838,-13.407,7.824,8.732,"S","J"],[138.182,7.243,-213.553,-0.838,0,-0.546,0,1,0,0.546,0,-0.838,-13.407,6.8,8.732,"S","J"],[138.087,7.284,-213.491,-0.838,0,-0.546,0,1,0,0.546,0,-0.838,-13.407,5.407,8.732,"S","J"],[138.032,7.303,-213.455,-0.838,0,-0.546,0,1,0,0.546,0,-0.838,-13.407,4.602,8.732,"S","J"],[137.918,7.331,-213.381,-0.838,0,-0.546,0,1,0,0.546,0,-0.838,-13.407,2.93,8.732,"S","J"],[137.855,7.341,-213.34,-0.838,0,-0.546,0,1,0,0.546,0,-0.838,-13.407,2.015,8.732,"S","J"],[137.759,7.348,-213.278,-0.838,0,-0.546,0,1,0,0.546,0,-0.838,-13.407,0.607,8.732,"S","J"],[137.714,7.347,-213.248,-0.838,0,-0.546,0,1,0,0.546,0,-0.838,-13.407,-0.045,8.732,"S","J"],[137.591,7.335,-213.168,-0.838,0,-0.546,0,1,0,0.546,0,-0.838,-13.407,-1.84,8.732,"S","J"],[137.533,7.323,-213.13,-0.838,0,-0.546,0,1,0,0.546,0,-0.838,-13.407,-2.695,8.732,"S","J"],[137.427,7.292,-213.06,-0.838,0,-0.546,0,1,0,0.546,0,-0.838,-13.407,-4.26,8.732,"S","J"],[137.362,7.267,-213.019,-0.838,0,-0.546,0,1,0,0.546,0,-0.838,-13.407,-5.21,8.732,"S","J"],[137.312,7.246,-212.987,-0.838,0,-0.546,0,1,0,0.546,0,-0.838,-13.407,-5.928,8.732,"S","J"],[137.196,7.183,-212.911,-0.838,0,-0.546,0,1,0,0.546,0,-0.838,-13.407,-7.633,8.732,"S","J"],[137.128,7.139,-212.866,-0.838,0,-0.546,0,1,0,0.546,0,-0.838,-13.407,-8.628,8.732,"S","J"],[137.022,7.062,-212.797,-0.838,0,-0.546,0,1,0,0.546,0,-0.838,-13.407,-10.188,8.732,"S","J"],[136.98,7.029,-212.77,-0.838,0,-0.546,0,1,0,0.546,0,-0.838,-13.407,-10.787,8.732,"S","J"],[136.849,6.909,-212.685,-0.838,0,-0.546,0,1,0,0.546,0,-0.838,-13.408,-12.703,8.731,"S","J"],[136.734,6.79,-212.611,-0.838,0,-0.545,0,1,0,0.545,0,-0.838,-13.41,-14.383,8.727,"S","J"],[136.679,6.728,-212.576,-0.838,0,-0.545,0,1,0,0.545,0,-0.838,-13.411,-15.181,8.727,"S","J"],[136.585,6.611,-212.514,-0.838,0,-0.545,0,1,0,0.545,0,-0.838,-13.411,-16.572,8.726,"S","J"],[136.514,6.519,-212.467,-0.838,0,-0.545,0,1,0,0.545,0,-0.838,-13.411,-17.616,8.726,"S","J"],[136.423,6.393,-212.408,-0.838,0,-0.545,0,1,0,0.545,0,-0.838,-13.411,-18.933,8.726,"S","J"],[136.344,6.277,-212.357,-0.838,0,-0.545,0,1,0,0.545,0,-0.838,-13.411,-20.088,8.726,"S","J"],[136.291,6.194,-212.322,-0.838,0,-0.545,0,1,0,0.545,0,-0.838,-13.411,-20.864,8.726,"S","J"],[136.17,5.994,-212.244,-0.838,0,-0.545,0,1,0,0.545,0,-0.838,-13.411,-22.636,8.726,"S","J"],[136.12,5.905,-212.21,-0.838,0,-0.545,0,1,0,0.545,0,-0.838,-13.411,-23.383,8.726,"S","J"],[136.029,5.738,-212.151,-0.838,0,-0.545,0,1,0,0.545,0,-0.838,-13.411,-24.712,8.726,"S","J"],[135.933,5.555,-212.089,-0.838,0,-0.545,0,1,0,0.545,0,-0.838,-13.411,-26.105,8.726,"S","J"],[135.842,5.372,-212.03,-0.838,0,-0.545,0,1,0,0.545,0,-0.838,-13.411,-27.435,8.726,"S","J"],[135.795,5.273,-212,-0.838,0,-0.545,0,1,0,0.545,0,-0.838,-13.411,-28.122,8.726,"S","J"],[135.725,5.121,-211.954,-0.838,0,-0.545,0,1,0,0.545,0,-0.838,-13.411,-29.144,8.726,"S","J"],[135.612,4.864,-211.88,-0.838,0,-0.545,0,1,0,0.545,0,-0.838,-13.411,-30.815,8.726,"S","J"],[135.558,4.737,-211.846,-0.838,0,-0.545,0,1,0,0.545,0,-0.838,-13.411,-31.593,8.726,"S","J"],[135.447,4.467,-211.773,-0.838,0,-0.545,0,1,0,0.545,0,-0.838,-13.411,-33.213,8.726,"S","J"],[135.392,4.327,-211.738,-0.838,0,-0.545,0,1,0,0.545,0,-0.838,-13.411,-34.014,8.726,"S","J"],[135.31,4.113,-211.684,-0.838,0,-0.545,0,1,0,0.545,0,-0.838,-13.411,-35.217,8.726,"S","J"],[135.224,3.878,-211.628,-0.838,0,-0.545,0,1,0,0.545,0,-0.838,-13.411,-36.486,8.726,"S","J"],[135.144,3.656,-211.576,-0.838,0,-0.545,0,1,0,0.545,0,-0.838,-13.411,-37.652,8.726,"S","J"],[135.056,3.402,-211.519,-0.838,0,-0.545,0,1,0,0.545,0,-0.838,-13.411,-38.934,8.726,"S","J"],[134.955,3.101,-211.453,-0.835,0,-0.551,0,1,0,0.551,0,-0.835,-13.409,-40.413,8.73,"S","J"],[134.904,2.944,-211.42,-0.824,0,-0.567,0,1,0,0.567,0,-0.824,-13.399,-41.161,8.744,"S","J"],[134.808,2.64,-211.356,-0.817,0,-0.576,0,1,0,0.576,0,-0.817,-13.373,-42.572,8.783,"S","J"],[134.734,2.432,-211.307,-0.812,0,-0.583,0,1,0,0.583,0,-0.812,-13.241,-39.009,8.98,"S","J"],[134.632,2.349,-211.236,-0.805,0,-0.593,0,1,0,0.593,0,-0.805,-13.094,-5.7,9.194,7,"J"],[134.586,2.34,-211.202,-0.798,0,-0.603,0,1,0,0.603,0,-0.798,-13.047,-2.403,9.261,"S","J"],[134.515,2.337,-211.151,-0.785,0,-0.619,0,1,0,0.619,0,-0.785,-12.926,-0.756,9.428,"S","J"],[134.425,2.335,-211.084,-0.78,0,-0.626,0,1,0,0.626,0,-0.78,-12.794,-0.136,9.608,"S","J"],[134.383,2.334,-211.051,-0.774,0,-0.634,0,1,0,0.634,0,-0.774,-12.689,-0.064,9.745,"S","J"],[134.277,2.334,-210.967,-0.764,0,-0.645,0,1,0,0.645,0,-0.764,-12.518,-0.01,9.964,"S","J"],[134.219,2.334,-210.92,-0.757,0,-0.653,0,1,0,0.653,0,-0.757,-12.413,-0.002,10.095,"S","J"],[134.146,2.334,-210.859,-0.751,0,-0.66,0,1,0,0.66,0,-0.751,-12.293,-0.001,10.24,"S","J"],[134.069,2.321,-210.794,-0.746,0,-0.666,0,1,0,0.666,0,-0.746,-12.168,-3.187,10.388,8,"J"],[133.974,2.273,-210.711,-0.74,0,-0.672,0,1,0,0.672,0,-0.74,-12.017,-6.465,10.562,"S","J"],[133.926,2.244,-210.668,-0.739,0,-0.673,0,1,0,0.673,0,-0.739,-11.97,-7.449,10.617,"S","J"],[133.828,2.171,-210.579,-0.736,0,-0.677,0,1,0,0.677,0,-0.736,-11.864,-9.091,10.734,"S","J"],[133.762,2.117,-210.521,-0.735,0,-0.678,0,1,0,0.678,0,-0.735,-11.837,-10.16,10.766,"S","J"],[133.714,2.072,-210.476,-0.735,0,-0.678,0,1,0,0.678,0,-0.735,-11.789,-10.971,10.818,"S","J"],[133.641,1.996,-210.408,-0.734,0,-0.68,0,1,0,0.68,0,-0.734,-11.77,-12.188,10.838,"S","J"],[133.568,2.187,-210.341,-0.731,0,-0.683,0,1,0,0.683,0,-0.731,-11.764,51.804,10.845,"S","J"],[133.485,2.552,-210.265,-0.729,0,-0.685,0,1,0,0.685,0,-0.729,-11.764,51.631,10.845,3,"J"],[133.422,2.825,-210.206,-0.726,0,-0.688,0,1,0,0.688,0,-0.726,-11.719,50.578,10.894,5,"J"],[133.318,3.263,-210.109,-0.721,0,-0.693,0,1,0,0.693,0,-0.721,-11.659,48.834,10.958,"S","J"],[133.283,3.412,-210.074,-0.716,0,-0.698,0,1,0,0.698,0,-0.716,-11.638,48.226,10.979,"S","J"],[133.184,3.809,-209.981,-0.706,0,-0.708,0,1,0,0.708,0,-0.706,-11.562,46.568,11.06,"S","J"],[133.129,4.028,-209.928,-0.694,0,-0.72,0,1,0,0.72,0,-0.694,-11.479,45.627,11.145,"S","J"],[133.066,4.28,-209.864,-0.675,0,-0.738,0,1,0,0.738,0,-0.675,-11.319,44.518,11.307,"S","J"],[132.988,4.584,-209.783,-0.667,0,-0.745,0,1,0,0.745,0,-0.667,-11.128,43.147,11.495,"S","J"],[132.875,5.019,-209.66,-0.658,0,-0.753,0,1,0,0.753,0,-0.658,-10.717,41.097,11.878,"S","J"],[132.83,5.189,-209.609,-0.655,0,-0.756,0,1,0,0.756,0,-0.655,-10.639,40.271,11.949,"S","J"],[132.765,5.433,-209.535,-0.653,0,-0.757,0,1,0,0.757,0,-0.653,-10.562,39.057,12.018,"S","J"],[132.731,5.557,-209.496,-0.65,0,-0.76,0,1,0,0.76,0,-0.65,-10.512,38.419,12.062,"S","J"],[132.636,5.891,-209.387,-0.646,0,-0.763,0,1,0,0.763,0,-0.646,-10.468,36.654,12.1,"S","J"],[132.6,6.017,-209.344,-0.646,0,-0.763,0,1,0,0.763,0,-0.646,-10.425,35.966,12.138,"S","J"],[132.499,6.355,-209.226,-0.641,0,-0.767,0,1,0,0.767,0,-0.641,-10.353,34.052,12.199,"S","J"],[132.462,6.473,-209.182,-0.641,0,-0.767,0,1,0,0.767,0,-0.641,-10.347,33.355,12.204,"S","J"],[132.377,6.74,-209.081,-0.636,0,-0.771,0,1,0,0.771,0,-0.636,-10.276,31.728,12.264,"S","J"],[132.318,6.914,-209.011,-0.631,0,-0.776,0,1,0,0.776,0,-0.631,-10.254,30.608,12.282,"S","J"],[132.249,7.117,-208.926,-0.629,0,-0.778,0,1,0,0.778,0,-0.629,-10.193,29.265,12.333,"S","J"],[132.205,7.24,-208.873,-0.624,0,-0.782,0,1,0,0.782,0,-0.624,-10.135,28.42,12.381,"S","J"],[132.122,7.464,-208.771,-0.619,0,-0.786,0,1,0,0.786,0,-0.619,-10.07,26.802,12.433,"S","J"],[132.093,7.539,-208.734,-0.617,0,-0.787,0,1,0,0.787,0,-0.617,-10.03,26.231,12.466,"S","J"],[132.036,7.681,-208.664,-0.611,0,-0.792,0,1,0,0.792,0,-0.611,-9.934,25.132,12.543,"S","J"],[131.98,7.818,-208.592,-0.612,0,-0.791,0,1,0,0.791,0,-0.612,-9.837,24.015,12.619,"S","J"],[131.909,7.984,-208.501,-0.612,0,-0.791,0,1,0,0.791,0,-0.612,-9.798,22.602,12.649,"S","J"],[131.88,8.048,-208.464,-0.612,0,-0.791,0,1,0,0.791,0,-0.612,-9.795,22.025,12.652,"S","J"],[131.787,8.246,-208.343,-0.612,0,-0.791,0,1,0,0.791,0,-0.612,-9.791,20.146,12.654,"S","J"],[131.74,8.339,-208.281,-0.612,0,-0.791,0,1,0,0.791,0,-0.612,-9.791,19.195,12.654,"S","J"],[131.672,8.464,-208.195,-0.612,0,-0.791,0,1,0,0.791,0,-0.612,-9.791,17.849,12.654,"S","J"],[131.633,8.534,-208.143,-0.612,0,-0.791,0,1,0,0.791,0,-0.612,-9.791,17.041,12.654,"S","J"],[131.592,8.6,-208.09,-0.612,0,-0.791,0,1,0,0.791,0,-0.612,-9.791,16.234,12.654,"S","J"],[131.532,8.69