[[127.812,-16.476,-241.728,-0.722,0,0.692,0,1,0,-0.692,0,-0.722,-12.069,0.004,10.503,8,0],[127.729,-16.476,-241.656,-0.718,0,0.696,0,1,0,-0.696,0,-0.718,-12.07,0.003,10.503,"S","J"],[127.628,-16.476,-241.568,-0.714,0,0.7,0,1,0,-0.7,0,-0.714,-12.07,0.002,10.503,"S","J"],[127.511,-16.476,-241.465,-0.71,0,0.705,0,1,0,-0.705,0,-0.71,-12.07,0.001,10.503,"S","J"],[127.511,-16.476,-241.465,-0.71,0,0.705,0,1,0,-0.705,0,-0.71,-12.07,0.001,10.503,"S","J"],[127.462,-16.476,-241.423,-0.708,0,0.706,0,1,0,-0.706,0,-0.708,"v","S","J"],[127.346,-16.476,-241.322,-0.704,0,0.71,0,1,0,-0.71,0,-0.704,-12.07,0,10.503,"S","J"],[127.262,-16.479,-241.249,-0.702,0,0.713,0,1,0,-0.713,0,-0.702,-12.07,-0.386,10.503,"S","J"],[127.209,-16.482,-241.203,-0.7,0,0.714,0,1,0,-0.714,0,-0.7,-12.07,-0.818,10.503,"S","J"],[127.147,-16.483,-241.149,-0.698,0,0.716,0,1,0,-0.716,0,-0.698,-12.07,-0.38,10.503,"S","J"],[127.054,-16.482,-241.068,-0.695,0,0.719,0,1,0,-0.719,0,-0.695,-12.07,0.013,10.503,"S","J"],[127.008,-16.482,-241.028,-0.694,0,0.72,0,1,0,-0.72,0,-0.694,-12.07,0.116,10.503,"S","J"],[126.949,-16.481,-240.977,-0.693,0,0.721,0,1,0,-0.721,0,-0.693,-12.07,0.144,10.503,"S","J"],[126.873,-16.481,-240.911,-0.691,0,0.723,0,1,0,-0.723,0,-0.691,-12.07,0.16,10.503,"S","J"],[126.748,-16.479,-240.801,-0.688,0,0.726,0,1,0,-0.726,0,-0.688,-12.07,0.135,10.503,"S","J"],[126.706,-16.479,-240.765,-0.687,0,0.726,0,1,0,-0.726,0,-0.687,-12.07,0.123,10.503,"S","J"],[126.66,-16.479,-240.725,-0.686,0,0.727,0,1,0,-0.727,0,-0.686,-12.07,0.11,10.503,"S","J"],[126.592,-16.478,-240.665,-0.677,0,0.736,0,1,0,-0.736,0,-0.677,-12.069,0.091,10.504,"S","J"],[126.527,-16.478,-240.609,-0.657,0,0.754,0,1,0,-0.754,0,-0.657,-12.065,0.075,10.508,"S","J"],[126.416,-16.477,-240.513,-0.657,0,0.754,0,1,0,-0.754,0,-0.657,-12.064,0.053,10.51,"S","J"],[126.32,-16.477,-240.429,-0.657,0,0.754,0,1,0,-0.754,0,-0.657,-12.064,0.039,10.51,"S","J"],[126.237,-16.476,-240.357,-0.657,0,0.754,0,1,0,-0.754,0,-0.657,-12.064,0.03,10.51,"S","J"],[126.173,-16.476,-240.301,-0.657,0,0.754,0,1,0,-0.754,0,-0.657,-12.064,0.025,10.51,"S","J"],[126.137,-16.476,-240.269,-0.657,0,0.754,0,1,0,-0.754,0,-0.657,-12.064,0.022,10.51,"S","J"],[126.04,-16.476,-240.184,-0.657,0,0.754,0,1,0,-0.754,0,-0.657,-12.064,0.016,10.51,"S","J"],[125.974,-16.476,-240.127,-0.657,0,0.754,0,1,0,-0.754,0,-0.657,-12.064,0.013,10.51,"S","J"],[125.877,-16.476,-240.043,-0.657,0,0.754,0,1,0,-0.754,0,-0.657,-12.064,0.01,10.51,"S","J"],[125.823,-16.476,-239.995,-0.657,0,0.754,0,1,0,-0.754,0,-0.657,-12.064,0.008,10.51,"S","J"],[125.742,-16.476,-239.925,-0.657,0,0.754,0,1,0,-0.754,0,-0.657,-12.064,0.006,10.51,"S","J"],[125.663,-16.476,-239.856,-0.657,0,0.754,0,1,0,-0.754,0,-0.657,-12.064,0.003,10.51,"S","J"],[125.599,-16.476,-239.8,-0.657,0,0.754,0,1,0,-0.754,0,-0.657,-12.064,0.001,10.51,"S","J"],[125.513,-16.476,-239.726,-0.657,0,0.754,0,1,0,-0.754,0,-0.657,-12.064,-0.001,10.51,"S","J"],[125.433,-16.476,-239.656,-0.657,0,0.754,0,1,0,-0.754,0,-0.657,-12.064,-0.001,10.51,"S","J"],[125.362,-16.476,-239.594,-0.657,0,0.754,0,1,0,-0.754,0,-0.657,"v","S","J"],[125.301,-16.476,-239.541,-0.657,0,0.754,0,1,0,-0.754,0,-0.657,"v","S","J"],[125.216,-16.476,-239.467,-0.657,0,0.754,0,1,0,-0.754,0,-0.657,"v","S","J"],[125.163,-16.476,-239.421,-0.657,0,0.754,0,1,0,-0.754,0,-0.657,"v","S","J"],[125.089,-16.482,-239.356,-0.657,0,0.754,0,1,0,-0.754,0,-0.657,-12.064,-0.972,10.51,"S","J"],[125.019,-16.488,-239.295,-0.657,0,0.754,0,1,0,-0.754,0,-0.657,-12.064,-1.051,10.51,"S","J"],[124.93,-16.49,-239.218,-0.657,0,0.754,0,1,0,-0.754,0,-0.657,-12.064,-0.258,10.51,"S","J"],[124.868,-16.49,-239.163,-0.657,0,0.754,0,1,0,-0.754,0,-0.657,-12.064,-0.055,10.51,"S","J"],[124.805,-16.495,-239.109,-0.657,0,0.754,0,1,0,-0.754,0,-0.657,-12.064,-0.717,10.51,"S","J"],[124.712,-16.502,-239.028,-0.657,0,0.754,0,1,0,-0.754,0,-0.657,-12.064,-0.961,10.51,"S","J"],[124.671,-16.504,-238.992,-0.657,0,0.754,0,1,0,-0.754,0,-0.657,-12.064,-0.427,10.51,"S","J"],[124.602,-16.504,-238.932,-0.657,0,0.754,0,1,0,-0.754,0,-0.657,-12.064,-0.148,10.51,"S","J"],[124.512,-16.508,-238.854,-0.657,0,0.754,0,1,0,-0.754,0,-0.657,-12.064,-0.58,10.51,"S","J"],[124.42,-16.52,-238.773,-0.657,0,0.754,0,1,0,-0.754,0,-0.657,-12.064,-2.074,10.51,"S","J"],[124.363,-16.534,-238.724,-0.657,0,0.754,0,1,0,-0.754,0,-0.657,-12.064,-2.993,10.51,"S","J"],[124.307,-16.551,-238.675,-0.657,0,0.754,0,1,0,-0.754,0,-0.657,-12.064,-3.904,10.51,"S","J"],[124.232,-16.564,-238.61,-0.657,0,0.754,0,1,0,-0.754,0,-0.657,-12.064,-2.102,10.51,"S","J"],[124.135,-16.568,-238.525,-0.657,0,0.754,0,1,0,-0.754,0,-0.657,-12.064,-0.203,10.51,"S","J"],[124.065,-16.567,-238.464,-0.657,0,0.754,0,1,0,-0.754,0,-0.657,-12.064,0.367,10.51,"S","J"],[123.977,-16.563,-238.388,-0.657,0,0.754,0,1,0,-0.754,0,-0.657,-12.064,0.52,10.51,"S","J"],[123.918,-16.561,-238.336,-0.657,0,0.754,0,1,0,-0.754,0,-0.657,-12.062,0.548,10.512,"S","J"],[123.843,-16.558,-238.271,-0.657,0,0.754,0,1,0,-0.754,0,-0.657,-12.059,0.502,10.515,"S","J"],[123.767,-16.555,-238.205,-0.657,0,0.754,0,1,0,-0.754,0,-0.657,-12.058,0.436,10.516,"S","J"],[123.694,-16.553,-238.14,-0.657,0,0.754,0,1,0,-0.754,0,-0.657,-12.058,0.367,10.517,"S","J"],[123.614,-16.55,-238.071,-0.657,0,0.754,0,1,0,-0.754,0,-0.657,-12.058,0.297,10.517,"S","J"],[123.537,-16.549,-238.004,-0.657,0,0.754,0,1,0,-0.754,0,-0.657,-12.058,0.242,10.517,"S","J"],[123.472,-16.548,-237.947,-0.657,0,0.754,0,1,0,-0.754,0,-0.657,-12.058,0.198,10.517,"S","J"],[123.379,-16.546,-237.866,-0.657,0,0.754,0,1,0,-0.754,0,-0.657,-12.058,0.152,10.517,"S","J"],[123.321,-16.546,-237.815,-0.657,0,0.754,0,1,0,-0.754,0,-0.657,-12.058,0.127,10.517,"S","J"],[123.234,-16.545,-237.74,-0.657,0,0.754,0,1,0,-0.754,0,-0.657,-12.058,0.099,10.517,"S","J"],[123.155,-16.545,-237.671,-0.657,0,0.754,0,1,0,-0.754,0,-0.657,-12.058,0.077,10.517,"S","J"],[123.085,-16.544,-237.609,-0.656,0,0.755,0,1,0,-0.755,0,-0.656,-12.058,0.063,10.517,"S","J"],[123.009,-16.544,-237.543,-0.655,0,0.756,0,1,0,-0.756,0,-0.655,-12.058,0.05,10.517,"S","J"],[122.963,-16.544,-237.504,-0.654,0,0.757,0,1,0,-0.757,0,-0.654,-12.068,0.044,10.505,"S","J"],[122.898,-16.544,-237.447,-0.652,0,0.758,0,1,0,-0.758,0,-0.652,-12.084,0.036,10.487,"S","J"],[122.808,-16.543,-237.369,-0.652,0,0.758,0,1,0,-0.758,0,-0.652,-12.103,0.027,10.464,"S","J"],[122.729,-16.543,-237.301,-0.652,0,0.758,0,1,0,-0.758,0,-0.652,-12.12,0.022,10.446,"S","J"],[122.64,-16.543,-237.224,-0.652,0,0.758,0,1,0,-0.758,0,-0.652,-12.126,0.016,10.439,"S","J"],[122.57,-16.543,-237.164,-0.652,0,0.758,0,1,0,-0.758,0,-0.652,-12.126,0.013,10.438,"S","J"],[122.514,-16.543,-237.116,-0.652,0,0.758,0,1,0,-0.758,0,-0.652,-12.126,0.011,10.438,"S","J"],[122.415,-16.543,-237.031,-0.652,0,0.758,0,1,0,-0.758,0,-0.652,-12.127,0.009,10.438,"S","J"],[122.36,-16.543,-236.983,-0.652,0,0.758,0,1,0,-0.758,0,-0.652,-12.127,0.007,10.438,"S","J"],[122.311,-16.543,-236.941,-0.652,0,0.758,0,1,0,-0.758,0,-0.652,-12.127,0.006,10.438,"S","J"],[122.231,-16.543,-236.872,-0.652,0,0.758,0,1,0,-0.758,0,-0.652,-12.127,0.005,10.438,"S","J"],[122.155,-16.543,-236.806,-0.652,0,0.758,0,1,0,-0.758,0,-0.652,-12.127,0.004,10.438,"S","J"],[122.08,-16.543,-236.741,-0.652,0,0.758,0,1,0,-0.758,0,-0.652,-12.127,0.004,10.438,"S","J"],[122.003,-16.543,-236.676,-0.652,0,0.758,0,1,0,-0.758,0,-0.652,-12.127,0.003,10.438,"S","J"],[121.935,-16.543,-236.618,-0.652,0,0.758,0,1,0,-0.758,0,-0.652,-12.127,0.002,10.438,"S","J"],[121.857,-16.543,-236.55,-0.652,0,0.758,0,1,0,-0.758,0,-0.652,-12.127,0.002,10.438,"S","J"],[121.755,-16.543,-236.462,-0.652,0,0.758,0,1,0,-0.758,0,-0.652,-12.127,0.001,10.438,"S","J"],[121.706,-16.543,-236.42,-0.652,0,0.758,0,1,0,-0.758,0,-0.652,"v","S","J"],[121.65,-16.543,-236.372,-0.652,0,0.758,0,1,0,-0.758,0,-0.652,-12.127,0.001,10.438,"S","J"],[121.568,-16.543,-236.301,-0.652,0,0.758,0,1,0,-0.758,0,-0.652,-12.127,0,10.438,"S","J"],[121.482,-16.543,-236.227,-0.652,0,0.758,0,1,0,-0.758,0,-0.652,"v","S","J"],[121.413,-16.543,-236.168,-0.652,0,0.758,0,1,0,-0.758,0,-0.652,"v","S","J"],[121.342,-16.545,-236.107,-0.652,0,0.758,0,1,0,-0.758,0,-0.652,-12.127,-0.467,10.438,"S","J"],[121.277,-16.547,-236.051,-0.652,0,0.758,0,1,0,-0.758,0,-0.652,-12.127,-0.512,10.438,"S","J"],[121.186,-16.548,-235.972,-0.652,0,0.758,0,1,0,-0.758,0,-0.652,-12.127,-0.067,10.438,"S","J"],[121.095,-16.548,-235.895,-0.652,0,0.758,0,1,0,-0.758,0,-0.652,-12.127,-0.016,10.438,"S","J"],[121.036,-16.551,-235.844,-0.652,0,0.758,0,1,0,-0.758,0,-0.652,-12.127,-0.52,10.438,"S","J"],[120.963,-16.561,-235.782,-0.652,0,0.758,0,1,0,-0.758,0,-0.652,-12.127,-1.695,10.438,"S","J"],[120.873,-16.572,-235.703,-0.652,0,0.758,0,1,0,-0.758,0,-0.652,-12.127,-1.148,10.438,"S","J"],[120.799,-16.574,-235.639,-0.652,0,0.758,0,1,0,-0.758,0,-0.652,-12.127,-0.395,10.438,"S","J"],[120.728,-16.577,-235.578,-0.652,0,0.758,0,1,0,-0.758,0,-0.652,-12.127,-0.729,10.438,"S","J"],[120.657,-16.586,-235.517,-0.652,0,0.758,0,1,0,-0.758,0,-0.652,-12.127,-1.664,10.438,"S","J"],[120.584,-16.589,-235.454,-0.652,0,0.758,0,1,0,-0.758,0,-0.652,-12.127,-0.569,10.438,"S","J"],[120.527,-16.59,-235.405,-0.652,0,0.758,0,1,0,-0.758,0,-0.652,-12.127,-0.137,10.438,"S","J"],[120.417,-16.59,-235.311,-0.652,0,0.758,0,1,0,-0.758,0,-0.652,-12.127,-0.018,10.438,"S","J"],[120.37,-16.593,-235.27,-0.652,0,0.758,0,1,0,-0.758,0,-0.652,-12.127,-0.679,10.438,"S","J"],[120.312,-16.601,-235.221,-0.652,0,0.758,0,1,0,-0.758,0,-0.652,-12.127,-1.609,10.438,"S","J"],[120.211,-16.604,-235.134,-0.652,0,0.758,0,1,0,-0.758,0,-0.652,-12.127,-0.267,10.438,"S","J"],[120.159,-16.604,-235.089,-0.652,0,0.758,0,1,0,-0.758,0,-0.652,-12.127,-0.091,10.438,"S","J"],[120.068,-16.605,-235.01,-0.652,0,0.758,0,1,0,-0.758,0,-0.652,-12.127,-0.038,10.438,"S","J"],[119.986,-16.605,-234.94,-0.652,0,0.758,0,1,0,-0.758,0,-0.652,-12.127,-0.004,10.438,"S","J"],[119.946,-16.605,-234.906,-0.652,0,0.758,0,1,0,-0.758,0,-0.652,-12.127,-0.002,10.438,"S","J"],[119.882,-16.605,-234.851,-0.652,0,0.758,0,1,0,-0.758,0,-0.652,-12.127,-0.001,10.438,"S","J"],[119.792,-16.605,-234.773,-0.657,0,0.754,0,1,0,-0.754,0,-0.657,-12.127,0,10.438,"S","J"],[119.761,-16.605,-234.746,-0.667,0,0.745,0,1,0,-0.745,0,-0.667,"v","S","J"],[119.661,-16.605,-234.655,-0.703,0,0.711,0,1,0,-0.711,0,-0.703,-7.256,0.023,7.723,"S","J"],[119.684,-16.604,-234.658,-0.732,0,0.682,-0.001,1,-0.001,-0.682,-0.001,-0.732,4.322,0.075,1.277,"S","J"],[119.703,-16.605,-234.646,-0.768,0.001,0.641,-0.001,1,-0.002,-0.641,-0.002,-0.768,0.82,0.023,3.309,"S","J"],[119.728,-16.606,-234.661,-0.82,0.002,0.573,-0.001,1,-0.005,-0.573,-0.004,-0.82,-0.217,-0.019,3.06,"S","J"],[119.754,-16.608,-234.686,-0.838,0.004,0.546,-0.001,1,-0.009,-0.546,-0.008,-0.838,-0.188,-0.023,3.176,"S","J"],[119.775,-16.609,-234.695,-0.911,0.004,0.412,-0.001,1,-0.011,-0.412,-0.011,-0.911,-0.059,-0.011,3.465,"S","J"],[119.83,-16.61,-234.765,-0.929,0.004,0.369,-0.002,1,-0.016,-0.369,-0.015,-0.929,1.302,0.039,4.208,"S","J"],[119.875,-16.61,-234.812,-0.932,0.004,0.362,-0.003,1,-0.018,-0.362,-0.018,-0.932,2.879,0.026,5.015,"S","J"],[119.927,-16.61,-234.801,-0.977,0,0.212,-0.004,1,-0.019,-0.212,-0.019,-0.977,4.886,0.015,6.35,"S","J"],[120.006,-16.61,-234.803,-0.99,-0.001,0.138,-0.003,1,-0.017,-0.138,-0.018,-0.99,5.339,0.01,8.44,"S","J"],[120.101,-16.13,-234.724,-0.999,-0.001,0.04,-0.002,1,-0.013,-0.04,-0.013,-0.999,5.452,56.18,9.138,"S","J"],[120.123,-15.901,-234.687,-0.999,-0.002,0.039,-0.002,1,-0.011,-0.039,-0.011,-0.999,5.451,56.18,9.139,3,"J"],[120.16,-15.525,-234.625,-0.994,-0.001,0.11,-0.002,1,-0.007,-0.11,-0.007,-0.994,5.449,55.652,9.139,"S","J"],[120.195,-15.149,-234.566,-0.979,-0.001,0.202,-0.001,1,-0.004,-0.202,-0.004,-0.979,5.053,54.297,8.445,"S","J"],[120.225,-14.811,-234.516,-0.96,0,0.28,-0.001,1,-0.002,-0.28,-0.002,-0.96,4.588,53.053,7.636,"S","J"],[120.236,-14.666,-234.497,-0.949,0,0.317,-0.001,1,-0.002,-0.317,-0.002,-0.949,4.382,52.508,7.284,5,"J"],[120.268,-14.257,-234.445,-0.914,0,0.405,0,1,-0.001,-0.405,-0.001,-0.914,3.791,50.945,6.279,"S","J"],[120.288,-13.963,-234.411,-0.879,0,0.477,0,1,0,-0.477,0,-0.879,3.354,49.794,5.547,"S","J"],[120.307,-13.65,-234.38,-0.853,0,0.522,0,1,0,-0.522,0,-0.853,2.875,48.528,4.748,"S","J"],[120.32,-13.405,-234.359,-0.818,0,0.575,0,1,0,-0.575,0,-0.818,2.495,47.524,4.117,"S","J"],[120.331,-13.152,-234.34,-0.791,0,0.612,0,1,0,-0.612,0,-0.791,2.089,46.451,3.446,"S","J"],[120.343,-12.86,-234.322,-0.775,0,0.631,0,1,0,-0.631,0,-0.775,1.614,45.195,2.66,"S","J"],[120.349,-12.621,-234.311,-0.755,0,0.656,0,1,0,-0.656,0,-0.755,1.212,44.132,1.998,"S","J"],[120.355,-12.267,-234.3,-0.703,0,0.711,0,1,0,-0.711,0,-0.703,0.603,42.519,0.992,"S","J"],[120.356,-12.137,-234.299,-0.681,0,0.732,0,1,0,-0.732,0,-0.681,0.373,41.909,0.612,"S","J"],[120.358,-11.84,-234.297,-0.652,0,0.759,0,1,0,-0.759,0,-0.652,0.098,40.473,0.16,"S","J"],[120.358,-11.644,-234.297,-0.636,0,0.772,0,1,0,-0.772,0,-0.636,0.022,39.51,0.035,"S","J"],[120.358,-11.444,-234.297,-0.623,0,0.782,0,1,0,-0.782,0,-0.623,0.008,38.489,0.012,"S","J"],[120.358,-11.153,-234.297,-0.61,0,0.792,0,1,0,-0.792,0,-0.61,0.001,36.961,0.001,"S","J"],[120.358,-10.987,-234.297,-0.607,0,0.795,0,1,0,-0.795,0,-0.607,0.001,36.05,0,"S","J"],[120.358,-10.803,-234.297,-0.605,0,0.796,0,1,0,-0.796,0,-0.605,0,35.031,0,"S","J"],[120.349,-10.435,-234.29,-0.591,0,0.807,0,1,0,-0.807,0,-0.591,-1.191,32.876,0.9,"S","J"],[120.336,-10.22,-234.281,-0.588,0,0.809,0,1,0,-0.809,0,-0.588,-1.974,31.542,1.474,"S","J"],[120.323,-10.059,-234.271,-0.586,0,0.811,0,1,0,-0.811,0,-0.586,-2.579,30.516,1.915,"S","J"],[120.299,-9.845,-234.253,-0.584,0,0.812,0,1,0,-0.812,0,-0.584,-3.425,29.086,2.525,"S","J"],[120.268,-9.635,-234.231,-0.582,0,0.813,0,1,0,-0.813,0,-0.582,-4.299,27.61,3.152,"S","J"],[120.241,-9.48,-234.211,-0.579,0,0.815,0,1,0,-0.815,0,-0.579,-4.972,26.477,3.631,"S","J"],[120.225,-9.402,-234.199,-0.576,0,0.818,0,1,0,-0.818,0,-0.576,-5.323,25.886,3.88,"S","J"],[120.199,-9.291,-234.18,-0.577,0,0.817,0,1,0,-0.817,0,-0.577,-5.844,25.018,4.239,"S","J"],[120.141,-9.082,-234.138,-0.577,0,0.817,0,1,0,-0.817,0,-0.577,-6.88,23.292,4.954,"S","J"],[120.102,-8.968,-234.111,-0.577,0,0.817,0,1,0,-0.817,0,-0.577,-7.486,22.282,5.372,"S","J"],[120.036,-8.798,-234.063,-0.577,0,0.817,0,1,0,-0.817,0,-0.577,-8.436,20.697,6.029,"S","J"],[119.982,-8.679,-234.025,-0.577,0,0.817,0,1,0,-0.817,0,-0.577,-9.139,19.525,6.513,"S","J"],[119.984,-8.582,-234.018,-0.577,-0.002,0.817,-0.004,1,0,-0.817,-0.004,-0.577,-1.948,16.096,2.328,"S","J"],[119.981,-8.524,-234.011,-0.577,-0.003,0.817,-0.006,1,-0.001,-0.817,-0.005,-0.577,-2.208,14.985,2.584,"S","J"],[119.975,-8.487,-234.004,-0.577,-0.003,0.817,-0.006,1,-0.001,-0.817,-0.005,-0.577,-1.907,13.154,2.337,12,"J"],[119.964,-8.385,-233.989,-0.577,-0.002,0.817,-0.005,1,-0.001,-0.817,-0.004,-0.577,-1.077,11.442,1.448,"S","J"],[119.959,-8.27,-233.983,-0.577,-0.001,0.817,-0.003,1,0,-0.817,-0.002,-0.577,-0.267,11.223,0.355,"S","J"],[119.959,-8.25,-233.982,-0.577,-0.001,0.817,-0.002,1,0,-0.817,-0.002,-0.577,-0.174,11.215,0.221,"S","J"],[119.958,-8.178,-233.982,-0.577,0,0.817,-0.001,1,0,-0.817,0,-0.577,-0.062,11.205,0.056,"S","J"],[119.958,-8.096,-233.982,-0.574,0,0.819,0,1,0,-0.819,0,-0.574,-0.017,11.201,-0.009,"S","J"],[119.958,-8.043,-233.982,-0.574,0,0.819,0,1,0,-0.819,0,-0.574,-0.011,11.2,-0.011,"S","J"],[119.958,-7.931,-233.982,-0.574,0,0.819,0,1,0,-0.819,0,-0.574,-0.005,11.2,-0.007,"S","J"],[119.958,-7.857,-233.982,-0.574,0,0.819,0,1,0,-0.819,0,-0.574,-0.002,11.2,-0.003,"S","J"],[119.958,-7.819,-233.982,-0.574,0,0.819,0,1,0,-0.819,0,-0.574,-0.001,11.2,-0.002,"S","J"],[119.958,-7.75,-233.982,-0.574,0,0.819,0,1,0,-0.819,0,-0.574,0,11.2,0,"S","J"],[119.958,-7.681,-233.982,-0.574,0,0.819,0,1,0,-0.819,0,-0.574,0.001,11.2,0.001,"S","J"],[119.958,-7.634,-233.982,-0.573,0,0.819,0,1,0,-0.819,0,-0.573,0.001,11.2,0.002,"S","J"],[119.958,-7.57,-233.982,-0.573,0,0.819,0,1,0,-0.819,0,-0.573,0.001,11.2,0.001,"S","J"],[119.958,-7.486,-233.982,-0.573,0,0.819,0,1,0,-0.819,0,-0.573,0,11.2,0,"S","J"],[119.958,-7.456,-233.982,-0.573,0,0.819,0,1,0,-0.819,0,-0.573,0,11.2,0,"S","J"],[119.958,-7.341,-233.982,-0.595,0,0.803,0,1,0,-0.803,0,-0.595,0,11.2,0,"S","J"],[119.958,-7.261,-233.982,-0.708,0,0.706,0,1,0,-0.706,0,-0.708,0,11.2,0,"S","J"],[119.958,-7.201,-233.982,-0.818,0,0.575,0,1,0,-0.575,0,-0.818,"v","S","J"],[119.958,-7.152,-233.982,-0.854,0,0.52,0,1,0,-0.52,0,-0.854,"v","S","J"],[119.959,-7.063,-233.982,-0.932,0,0.362,0,1,0,-0.362,0,-0.932,0.152,10.951,0.1,"S","J"],[119.962,-7.018,-233.98,-0.962,0,0.272,0,1,0,-0.272,0,-0.962,0.711,10.066,0.415,8,"J"],[119.969,-6.97,-233.976,-0.985,0,0.174,0,1,0,-0.174,0,-0.985,1.403,9.039,0.701,"S","J"],[119.986,-6.91,-233.969,-1,0,0.021,0,1,0,-0.021,0,-1,2.443,7.555,0.979,"S","J"],[120.005,-6.871,-233.962,-0.999,0,-0.036,0,1,0,0.036,0,-0.999,3.294,6.381,1.066,"S","J"],[120.028,-6.838,-233.957,-0.997,0,-0.083,0,1,0,0.083,0,-0.997,4.148,5.205,1.023,"S","J"],[120.058,-6.814,-233.951,-0.995,0,-0.102,0,1,0,0.102,0,-0.995,4.992,4.031,0.88,"S","J"],[120.09,-6.755,-233.947,-0.993,0,-0.118,0,1,0,0.118,0,-0.993,4.599,8.068,0.596,"S","J"],[120.106,-6.614,-233.945,-0.993,0,-0.118,0,1,0,0.118,0,-0.993,1.504,23.834,0.108,"S","J"],[120.119,-6.524,-233.946,-0.993,0,-0.119,0,1,0,0.119,0,-0.993,3.646,25.822,-0.191,"S","J"],[120.145,-6.166,-233.947,-0.993,0,-0.119,0,1,0,0.119,0,-0.993,3.734,52.495,-0.203,"S","J"],[120.172,-5.801,-233.949,-0.993,0,-0.119,0,1,0,0.119,0,-0.993,3.922,51.105,-0.229,3,"J"],[120.196,-5.542,-233.951,-0.993,0,-0.119,0,1,0,0.119,0,-0.993,4.655,50.09,-0.331,5,"J"],[120.233,-5.207,-233.953,-0.993,0,-0.119,0,1,0,0.119,0,-0.993,5.621,48.751,-0.465,"S","J"],[120.27,-4.932,-233.957,-0.993,0,-0.119,0,1,0,0.119,0,-0.993,6.438,47.619,-0.58,"S","J"],[120.323,-4.589,-233.962,-0.993,0,-0.119,0,1,0,0.119,0,-0.993,7.481,46.175,-0.725,"S","J"],[120.37,-4.333,-233.967,-0.993,0,-0.119,0,1,0,0.119,0,-0.993,8.287,45.058,-0.838,"S","J"],[120.425,-4.059,-233.972,-0.993,0,-0.119,0,1,0,0.119,0,-0.993,9.162,43.846,-0.959,"S","J"],[120.473,-3.849,-233.977,-0.993,0,-0.119,0,1,0,0.119,0,-0.993,9.856,42.884,-1.056,"S","J"],[120.535,-3.607,-233.984,-0.993,0,-0.119,0,1,0,0.119,0,-0.993,10.677,41.748,-1.171,"S","J"],[120.612,-3.33,-233.993,-0.993,0,-0.119,0,1,0,0.119,0,-0.993,11.636,40.418,-1.304,"S","J"],[120.683,-3.099,-234.001,-0.994,0,-0.113,0,1,0,0.113,0,-0.994,12.465,39.27,-1.419,"S","J"],[120.738,-2.938,-234.007,-0.994,0,-0.11,0,1,0,0.11,0,-0.994,13.061,38.445,-1.495,"S","J"],[120.799,-2.771,-234.014,-0.994,0,-0.106,0,1,0,0.106,0,-0.994,13.69,37.577,-1.563,"S","J"],[120.903,-2.513,-234.026,-0.995,0,-0.103,0,1,0,0.103,0,-0.995,14.703,36.182,-1.646,"S","J"],[121.003,-2.285,-234.037,-0.995,0,-0.1,0,1,0,0.1,0,-0.995,15.423,34.904,-1.677,"S","J"],[121.107,-2.06,-234.047,-0.995,0,-0.097,0,1,0,0.097,0,-0.995,15.839,33.611,-1.664,"S","J"],[121.224,-1.822,-234.059,-0.996,0,-0.091,0,1,0,0.091,0,-0.996,15.9,32.166,-1.61,"S","J"],[121.29,-1.691,-234.066,-0.996,0,-0.088,0,1,0,0.088,0,-0.996,15.917,31.35,-1.576,"S","J"],[121.408,-1.467,-234.077,-0.996,0,-0.084,0,1,0,0.084,0,-0.996,15.929,29.888,-1.487,"S","J"],[121.475,-1.345,-234.083,-0.997,0,-0.081,0,1,0,0.081,0,-0.997,15.935,29.069,-1.435,"S","J"],[121.545,-1.222,-234.089,-0.997,0,-0.075,0,1,0,0.075,0,-0.997,15.939,28.221,-1.388,"S","J"],[121.637,-1.065,-234.097,-0.997,0,-0.071,0,1,0,0.071,0,-0.997,15.946,27.079,-1.313,"S","J"],[121.749,-0.88,-234.105,-0.998,0,-0.065,0,1,0,0.065,0,-0.998,15.953,25.698,-1.222,"S","J"],[121.817,-0.774,-234.109,-0.998,0,-0.063,0,1,0,0.063,0,-0.998,15.873,24.85,-0.95,"S","J"],[121.931,-0.601,-234.111,-0.998,0,-0.063,0,1,0,0.063,0,-0.998,15.544,23.432,0.03,"S","J"],[122.01,-0.485,-234.107,-0.998,0,-0.063,0,1,0,0.063,0,-0.998,15.308,22.415,0.733,"S","J"],[122.129,-0.316,-234.095,-0.998,0,-0.063,0,1,0,0.063,0,-0.998,14.947,20.858,1.809,"S","J"],[122.185,-0.24,-234.085,-0.998,0,-0.063,0,1,0,0.063,0,-0.998,14.774,20.112,2.324,"S","J"],[122.286,-0.106,-234.064,-0.998,0,-0.063,0,1,0,0.063,0,-0.998,14.456,18.739,3.273,"S","J"],[122.377,0.006,-234.039,-0.998,0,-0.063,0,1,0,0.063,0,-0.998,14.166,17.488,4.137,"S","J"],[122.464,0.109,-234.008,-0.998,0,-0.063,0,1,0,0.063,0,-0.998,13.882,16.264,4.984,"S","J"],[122.519,0.17,-233.985,-0.998,0,-0.063,0,1,0,0.063,0,-0.998,13.698,15.473,5.531,"S","J"],[122.599,0.257,-233.95,-0.998,0,-0.063,0,1,0,0.063,0,-0.998,13.43,14.314,6.331,"S","J"],[122.684,0.341,-233.904,-0.998,0,-0.063,0,1,0,0.063,0,-0.998,13.137,13.049,7.204,"S","J"],[122.768,0.42,-233.853,-0.998,0,-0.063,0,1,0,0.063,0,-0.998,12.841,11.771,8.088,"S","J"],[122.855,0.494,-233.792,-0.998,0,-0.063,0,1,0,0.063,0,-0.998,12.529,10.427,9.017,"S","J"],[122.958,0.573,-233.709,-0.998,0,-0.063,0,1,0,0.063,0,-0.998,12.114,8.965,10.061,"S","J"],[123.052,0.66,-233.631,-0.998,0,-0.063,0,1,0,0.063,0,-0.998,11.205,10.889,9.306,12,"J"],[123.091,0.701,-233.599,-0.998,0,-0.063,0,1,0,0.063,0,-0.998,10.813,11.065,8.981,"S","J"],[123.148,0.762,-233.551,-0.998,0,-0.063,0,1,0,0.063,0,-0.998,10.2,11.16,8.471,"S","J"],[123.223,0.85,-233.489,-0.998,0,-0.063,0,1,0,0.063,0,-0.998,9.337,11.194,7.755,"S","J"],[123.255,0.891,-233.462,-0.998,0,-0.063,0,1,0,0.063,0,-0.998,8.882,11.198,7.376,"S","J"],[123.307,0.995,-233.419,-0.998,0,-0.063,0,1,0,0.063,0,-0.998,4.467,11.2,3.709,"S","J"],[123.317,1.046,-233.41,-0.998,0,-0.063,0,1,0,0.063,0,-0.998,2.545,11.2,2.114,"S","J"],[123.322,1.131,-233.406,-0.998,0,-0.057,0,1,0,0.057,0,-0.998,0.39,11.2,0.323,"S","J"],[123.323,1.21,-233.405,-1,0,-0.005,0,1,0,0.005,0,-1,0.081,11.2,0.067,"S","J"],[123.323,1.232,-233.405,-0.994,0,0.105,0,1,0,-0.105,0,-0.994,0.024,4.559,0.02,"S","J"],[123.323,1.237,-233.405,-0.979,0,0.205,0,1,0,-0.205,0,-0.979,0.014,2.645,0.011,"S","J"],[123.323,1.242,-233.405,-0.938,0,0.347,0,1,0,-0.347,0,-0.938,0.004,0.823,0.004,"S","J"],[123.323,1.243,-233.405,-0.778,0,0.628,0,1,0,-0.628,0,-0.778,0.001,0.197,0.001,"S","J"],[123.323,1.243,-233.405,-0.567,0,0.824,0,1,0,-0.824,0,-0.567,0.016,0.027,0.003,"S","J"],[123.385,1.296,-233.435,-0.567,0,0.824,0,1,0,-0.824,0,-0.567,8.176,6.027,-3.416,"S","J"],[123.555,1.479,-233.542,-0.567,0,0.824,0,1,0,-0.824,0,-0.567,27.143,28.1,-16.465,3,"J"],[123.697,1.631,-233.63,-0.567,0,0.824,0,1,0,-0.824,0,-0.567,35.03,37.09,-21.787,"S","J"],[123.904,1.846,-233.756,-0.567,0,0.824,0,1,0,-0.824,0,-0.567,34.502,35.914,-21.111,5,"J"],[124.097,2.045,-233.874,-0.567,0,0.824,0,1,0,-0.824,0,-0.567,34.005,34.806,-20.475,"S","J"],[124.323,2.271,-234.007,-0.567,0,0.824,0,1,0,-0.824,0,-0.567,33.413,33.488,-19.717,"S","J"],[124.468,2.415,-234.092,-0.567,0,0.824,0,1,0,-0.824,0,-0.567,33.026,32.623,-19.222,"S","J"],[124.757,2.693,-234.256,-0.567,0,0.824,0,1,0,-0.824,0,-0.567,32.243,30.88,-18.22,"S","J"],[124.873,2.804,-234.321,-0.567,0,0.824,0,1,0,-0.824,0,-0.567,31.922,30.163,-17.808,"S","J"],[125.123,3.035,-234.457,-0.567,0,0.824,0,1,0,-0.824,0,-0.567,31.22,28.599,-16.91,"S","J"],[125.244,3.144,-234.522,-0.567,0,0.824,0,1,0,-0.824,0,-0.567,30.874,27.83,-16.469,"S","J"],[125.505,3.373,-234.657,-0.567,0,0.824,0,1,0,-0.824,0,-0.567,30.115,26.138,-15.497,"S","J"],[125.679,3.52,-234.745,-0.567,0,0.824,0,1,0,-0.824,0,-0.567,29.6,24.99,-14.837,"S","J"],[125.76,3.587,-234.785,-0.567,0,0.824,0,1,0,-0.824,0,-0.567,29.356,24.444,-14.524,"S","J"],[125.996,3.778,-234.898,-0.567,0,0.824,0,1,0,-0.824,0,-0.567,28.637,22.842,-13.604,"S","J"],[126.119,3.873,-234.956,-0.567,0,0.824,0,1,0,-0.824,0,-0.567,28.253,21.989,-13.113,"S","J"],[126.314,4.019,-235.043,-0.567,0,0.824,0,1,0,-0.824,0,-0.567,27.633,20.608,-12.321,"S","J"],[126.527,4.172,-235.134,-0.567,0,0.824,0,1,0,-0.824,0,-0.567,26.943,19.071,-11.438,"S","J"],[126.698,4.288,-235.204,-0.567,0,0.824,0,1,0,-0.824,0,-0.567,26.372,17.797,-10.706,"S","J"],[126.876,4.404,-235.274,-0.567,0,0.824,0,1,0,-0.824,0,-0.567,25.77,16.454,-9.935,"S","J"],[126.983,4.469,-235.314,-0.707,0,0.707,0,1,0,-0.707,0,-0.707,25.414,15.632,-9.453,"S","J"],[127.074,4.523,-235.346,-0.785,0,0.62,0,1,0,-0.62,0,-0.785,25.117,14.921,-9.028,"S","J"],[127.228,4.608,-235.398,-0.85,0,0.527,0,1,0,-0.527,0,-0.85,24.617,13.691,-8.285,"S","J"],[127.434,4.716,-235.463,-0.948,0,0.32,0,1,0,-0.32,0,-0.948,23.944,12.02,-7.271,"S","J"],[127.531,4.761,-235.491,-0.97,0,0.243,0,1,0,-0.243,0,-0.97,23.613,11.201,-6.773,"S","J"],[127.685,4.83,-235.532,-0.998,0,0.066,0,1,0,-0.066,0,-0.998,23.079,9.902,-5.991,"S","J"],[127.802,4.876,-235.561,-0.993,0,-0.12,0,1,0,0.12,0,-0.993,22.616,8.889,-5.417,"S","J"],[127.894,4.91,-235.58,-0.992,0,-0.123,0,1,0,0.123,0,-0.992,22.292,8.08,-4.926,"S","J"],[128.105,4.974,-235.62,-0.992,0,-0.123,0,1,0,0.123,0,-0.992,21.532,6.177,-3.765,"S","J"],[128.178,4.994,-235.632,-0.992,0,-0.123,0,1,0,0.123,0,-0.992,21.261,5.499,-3.352,"S","J"],[128.281,5.015,-235.646,-0.992,0,-0.123,0,1,0,0.123,0,-0.992,20.878,4.541,-2.767,"S","J"],[128.452,5.043,-235.663,-0.992,0,-0.123,0,1,0,0.123,0,-0.992,20.218,2.889,-1.76,"S","J"],[128.534,5.051,-235.668,-0.992,0,-0.123,0,1,0,0.123,0,-0.992,19.894,2.079,-1.266,"S","J"],[128.71,5.059,-235.672,-0.992,0,-0.123,0,1,0,0.123,0,-0.992,19.182,0.295,-0.179,"S","J"],[128.799,5.056,-235.67,-0.992,0,-0.123,0,1,0,0.123,0,-0.992,18.81,-0.637,0.389,"S","J"],[128.929,5.044,-235.663,-0.992,0,-0.123,0,1,0,0.123,0,-0.992,18.26,-2.015,1.229,"S","J"],[129.004,5.033,-235.655,-0.992,0,-0.123,0,1,0,0.123,0,-0.992,17.932,-2.834,1.728,"S","J"],[129.094,5.012,-235.643,-0.992,0,-0.123,0,1,0,0.123,0,-0.992,17.529,-3.842,2.342,"S","J"],[129.219,4.976,-235.621,-0.992,0,-0.123,0,1,0,0.123,0,-0.992,16.953,-5.284,3.222,"S","J"],[129.346,4.927,-235.592,-0.992,0,-0.123,0,1,0,0.123,0,-0.992,16.351,-6.791,4.14,"S","J"],[129.428,4.887,-235.568,-0.992,0,-0.123,0,1,0,0.123,0,-0.992,15.948,-7.801,4.756,"S","J"],[129.522,4.833,-235.534,-0.992,0,-0.123,0,1,0,0.123,0,-0.992,15.471,-8.995,5.484,"S","J"],[129.608,4.778,-235.501,-0.992,0,-0.123,0,1,0,0.123,0,-0.992,15.032,-10.094,6.154,"S","J"],[129.717,4.693,-235.448,-0.992,0,-0.123,0,1,0,0.123,0,-0.992,14.441,-11.571,7.055,"S","J"],[129.801,4.619,-235.404,-0.992,0,-0.123,0,1,0,0.123,0,-0.992,13.976,-12.736,7.765,"S","J"],[129.871,4.547,-235.36,-0.992,0,-0.123,0,1,0,0.123,0,-0.992,13.567,-13.759,8.389,"S","J"],[129.964,4.443,-235.296,-0.992,0,-0.123,0,1,0,0.123,0,-0.992,13.016,-15.141,9.231,"S","J"],[130.014,4.381,-235.259,-0.992,0,-0.123,0,1,0,0.123,0,-0.992,12.774,-15.908,9.6,"S","J"],[130.096,4.269,-235.195,-0.992,0,-0.123,0,1,0,0.123,0,-0.992,12.663,-17.182,9.77,"S","J"],[130.176,4.156,-235.133,-0.992,0,-0.123,0,1,0,0.123,0,-0.992,12.624,-18.414,9.828,"S","J"],[130.217,4.093,-235.101,-0.992,0,-0.123,0,1,0,0.123,0,-0.992,12.62,-19.056,9.835,"S","J"],[130.283,3.989,-235.05,-0.992,0,-0.123,0,1,0,0.123,0,-0.992,12.618,-20.075,9.838,"S","J"],[130.35,3.877,-234.998,-0.992,0,-0.123,0,1,0,0.123,0,-0.992,12.617,-21.118,9.84,"S","J"],[130.406,3.781,-234.954,-0.992,0,-0.123,0,1,0,0.123,0,-0.992,12.617,-21.984,9.84,"S","J"],[130.486,3.634,-234.892,-0.992,0,-0.123,0,1,0,0.123,0,-0.992,12.616,-23.231,9.84,"S","J"],[130.561,3.491,-234.834,-0.992,0,-0.123,0,1,0,0.123,0,-0.992,12.616,-24.392,9.84,"S","J"],[130.656,3.298,-234.759,-0.992,0,-0.123,0,1,0,0.123,0,-0.992,12.616,-25.87,9.84,"S","J"],[130.742,3.113,-234.691,-0.992,0,-0.123,0,1,0,0.123,0,-0.992,12.616,-27.225,9.84,"S","J"],[130.818,2.944,-234.633,-0.992,0,-0.123,0,1,0,0.123,0,-0.992,12.616,-28.4,9.84,"S","J"],[130.889,2.781,-234.578,-0.992,0,-0.123,0,1,0,0.123,0,-0.992,12.616,-29.496,9.84,"S","J"],[130.931,2.68,-234.545,-0.992,0,-0.123,0,1,0,0.123,0,-0.992,12.616,-30.145,9.84,"S","J"],[131.03,2.432,-234.467,-0.992,0,-0.123,0,1,0,0.123,0,-0.992,12.616,-31.695,9.84,"S","J"],[131.099,2.253,-234.413,-0.992,0,-0.123,0,1,0,0.123,0,-0.992,12.616,-32.773,9.84,"S","J"],[131.173,2.053,-234.355,-0.992,0,-0.123,0,1,0,0.123,0,-0.992,12.616,-33.929,9.84,"S","J"],[131.307,1.68,-234.251,-0.992,0,-0.123,0,1,0,0.123,0,-0.992,12.616,-36.009,9.84,"S","J"],[131.356,1.539,-234.213,-0.992,0,-0.123,0,1,0,0.123,0,-0.992,12.616,-36.761,9.84,"S","J"],[131.419,1.349,-234.163,-0.992,0,-0.123,0,1,0,0.123,0,-0.992,12.595,-37.754,9.852,"S","J"],[131.502,1.076,-234.092,-0.992,0,-0.123,0,1,0,0.123,0,-0.992,11.725,-39.129,10.346,"S","J"],[131.546,0.918,-234.05,-0.992,0,-0.123,0,1,0,0.123,0,-0.992,11.233,-39.907,10.625,"S","J"],[131.596,0.836,-234.001,-0.992,0,-0.123,0,1,0,0.123,0,-0.992,10.725,-14.914,10.396,12,"J"],[131.654,0.851,-233.945,-0.992,0,-0.123,0,1,0,0.123,0,-0.992,10.144,4.633,9.832,"S","J"],[131.697,0.889,-233.904,-0.992,0,-0.123,0,1,0,0.123,0,-0.992,9.693,8.827,9.395,"S","J"],[131.741,0.94,-233.861,-0.992,0,-0.123,0,1,0,0.123,0,-0.992,9.193,10.344,8.91,"S","J"],[131.813,1.034,-233.792,-0.992,0,-0.123,0,1,0,0.123,0,-0.992,7.677,11.096,7.441,"S","J"],[131.838,1.068,-233.768,-1,0,0.021,0,1,0,-0.021,0,-1,5.796,7.947,5.618,"S","J"],[131.859,1.083,-233.748,-0.957,0,0.289,0,1,0,-0.289,0,-0.957,3.228,1.965,3.129,"S","J"],[131.865,1.086,-233.742,-0.838,0,0.545,0,1,0,-0.545,0,-0.838,1.217,0.648,1.181,"S","J"],[131.868,1.087,-233.739,-0.685,0,0.729,0,1,0,-0.729,0,-0.685,0.203,0.108,0.198,"S","J"],[131.883,1.085,-233.737,-0.623,0,0.782,0,1,0,-0.782,0,-0.623,2.53,-0.342,0.327,"S","J"],[132.027,1.214,-233.818,-0.624,0,0.782,0,1,0,-0.782,0,-0.624,30.962,31.546,-19.948,"S","J"],[132.211,1.403,-233.941,-0.624,0,0.782,0,1,0,-0.782,0,-0.624,35.509,36.387,-23.557,3,"J"],[132.435,1.629,-234.087,-0.624,0,0.782,0,1,0,-0.782,0,-0.624,34.949,35.131,-22.833,5,"J"],[132.619,1.812,-234.207,-0.624,0,0.782,0,1,0,-0.782,0,-0.624,34.482,34.085,-22.23,"S","J"],[132.738,1.927,-234.282,-0.624,0,0.782,0,1,0,-0.782,0,-0.624,34.177,33.401,-21.836,"S","J"],[132.857,2.042,-234.358,-0.624,0,0.782,0,1,0,-0.782,0,-0.624,33.869,32.712,-21.438,"S","J"],[133.186,2.351,-234.561,-0.624,0,0.782,0,1,0,-0.782,0,-0.624,33,30.762,-20.314,"S","J"],[133.457,2.599,-234.726,-0.624,0,0.782,0,1,0,-0.782,0,-0.624,32.274,29.133,-19.375,"S","J"],[133.745,2.852,-234.895,-0.624,0,0.782,0,1,0,-0.782,0,-0.624,31.48,27.353,-18.349,"S","J"],[133.852,2.945,-234.957,-0.624,0,0.782,0,1,0,-0.782,0,-0.624,31.177,26.674,-17.957,"S","J"],[134.129,3.173,-235.112,-0.624,0,0.782,0,1,0,-0.782,0,-0.624,30.389,24.907,-16.939,"S","J"],[134.256,3.275,-235.182,-0.624,0,0.782,0,1,0,-0.782,0,-0.624,30.016,24.07,-16.457,"S","J"],[134.388,3.378,-235.253,-0.624,0,0.782,0,1,0,-0.782,0,-0.624,29.628,23.2,-15.955,"S","J"],[134.595,3.536,-235.362,-0.624,0,0.782,0,1,0,-0.782,0,-0.624,29.005,21.805,-15.15,"S","J"],[134.773,3.665,-235.452,-0.624,0,0.782,0,1,0,-0.782,0,-0.624,28.458,20.578,-14.444,"S","J"],[134.889,3.746,-235.51,-0.624,0,0.782,0,1,0,-0.782,0,-0.624,28.095,19.764,-13.974,"S","J"],[135.037,3.847,-235.582,-0.624,0,0.782,0,1,0,-0.782,0,-0.624,27.631,18.725,-13.375,"S","J"],[135.242,3.98,-235.678,-0.624,0,0.782,0,1,0,-0.782,0,-0.624,26.967,17.235,-12.516,"S","J"],[135.45,4.106,-235.771,-0.624,0,0.782,0,1,0,-0.782,0,-0.624,26.321,15.69,-11.594,"S","J"],[135.583,4.183,-235.828,-0.624,0,0.782,0,1,0,-0.782,0,-0.624,25.91,14.685,-10.988,"S","J"],[135.759,4.276,-235.899,-0.624,0,0.782,0,1,0,-0.782,0,-0.624,25.354,13.325,-10.168,"S","J"],[135.988,4.387,-235.986,-0.624,0,0.782,0,1,0,-0.782,0,-0.624,24.613,11.516,-9.077,"S","J"],[136.161,4.462,-236.046,-0.624,0,0.782,0,1,0,-0.782,0,-0.624,24.039,10.111,-8.23,"S","J"],[136.347,4.533,-236.106,-0.624,0,0.782,0,1,0,-0.782,0,-0.624,23.404,8.558,-7.293,"S","J"],[136.453,4.568,-236.137,-0.624,0,0.782,0,1,0,-0.782,0,-0.624,23.037,7.661,-6.751,"S","J"],[136.597,4.61,-236.176,-0.624,0,0.782,0,1,0,-0.782,0,-0.624,22.525,6.411,-5.998,"S","J"],[136.696,4.635,-236.2,-0.624,0,0.782,0,1,0,-0.782,0,-0.624,22.168,5.539,-5.472,"S","J"],[136.791,4.656,-236.222,-0.624,0,0.782,0,1,0,-0.782,0,-0.624,21.818,4.683,-4.955,"S","J"],[136.997,4.688,-236.262,-0.624,0,0.782,0,1,0,-0.782,0,-0.624,21.042,2.784,-3.81,"S","J"],[137.079,4.696,-236.275,-0.624,0,0.782,0,1,0,-0.782,0,-0.624,20.725,2.008,-3.342,"S","J"],[137.226,4.703,-236.295,-0.624,0,0.782,0,1,0,-0.782,0,-0.624,20.14,0.58,-2.481,"S","J"],[137.313,4.701,-236.304,-0.624,0,0.782,0,1,0,-0.782,0,-0.624,19.79,-0.278,-1.963,"S","J"],[137.453,4.69,-236.312,-0.624,0,0.782,0,1,0,-0.782,0,-0.624,19.207,-1.701,-1.104,"S","J"],[137.611,4.666,-236.315,-0.624,0,0.782,0,1,0,-0.782,0,-0.624,18.53,-3.357,-0.105,"S","J"],[137.694,4.647,-236.313,-0.624,0,0.782,0,1,0,-0.782,0,-0.624,18.164,-4.253,0.435,"S","J"],[137.786,4.621,-236.309,-0.624,0,0.782,0,1,0,-0.782,0,-0.624,17.748,-5.267,1.047,"S","J"],[137.902,4.577,-236.296,-0.624,0,0.782,0,1,0,-0.782,0,-0.624,17.208,-6.588,1.844,"S","J"],[137.975,4.546,-236.287,-0.624,0,0.782,0,1,0,-0.782,0,-0.624,16.862,-7.436,2.355,"S","J"],[138.063,4.5,-236.271,-0.624,0,0.782,0,1,0,-0.782,0,-0.624,16.433,-8.482,2.986,"S","J"],[138.163,4.442,-236.249,-0.624,0,0.782,0,1,0,-0.782,0,-0.624,15.932,-9.709,3.726,"S","J"],[138.242,4.386,-236.226,-0.624,0,0.782,0,1,0,-0.782,0,-0.624,15.519,-10.717,4.334,"S","J"],[138.345,4.307,-236.193,-0.624,0,0.782,0,1,0,-0.782,0,-0.624,14.974,-12.049,5.139,"S","J"],[138.422,4.239,-236.163,-0.624,0,0.782,0,1,0,-0.782,0,-0.624,14.552,-13.08,5.761,"S","J"],[138.505,4.155,-236.125,-0.624,0,0.782,0,1,0,-0.782,0,-0.624,14.08,-14.235,6.457,"S","J"],[138.617,4.027,-236.066,-0.624,0,0.782,0,1,0,-0.782,0,-0.624,13.42,-15.851,7.431,"S","J"],[138.687,3.938,-236.024,-0.624,0,0.782,0,1,0,-0.782,0,-0.624,12.988,-16.904,8.067,"S","J"],[138.76,3.834,-235.972,-0.624,0,0.782,0,1,0,-0.782,0,-0.624,12.524,-18.039,8.752,"S","J"],[138.85,3.692,-235.903,-0.624,0,0.782,0,1,0,-0.782,0,-0.624,11.929,-19.495,9.63,"S","J"],[138.927,3.552,-235.833,-0.624,0,0.782,0,1,0,-0.782,0,-0.624,11.386,-20.822,10.43,"S","J"],[138.994,3.42,-235.767,-0.624,0,0.782,0,1,0,-0.782,0,-0.624,10.897,-22.015,11.151,"S","J"],[139.045,3.309,-235.71,-0.624,0,0.782,0,1,0,-0.782,0,-0.624,10.508,-22.969,11.726,"S","J"],[139.085,3.216,-235.663,-0.624,0,0.782,0,1,0,-0.782,0,-0.624,10.291,-23.729,12.045,"S","J"],[139.152,3.051,-235.58,-0.624,0,0.782,0,1,0,-0.782,0,-0.624,10.028,-25.044,12.433,"S","J"],[139.242,2.813,-235.467,-0.624,0,0.782,0,1,0,-0.782,0,-0.624,9.986,-26.809,12.495,"S","J"],[139.311,2.62,-235.381,-0.624,0,0.782,0,1,0,-0.782,0,-0.624,9.978,-28.164,12.506,"S","J"],[139.368,2.452,-235.308,-0.628,0,0.778,0,1,0,-0.778,0,-0.628,9.942,-29.299,12.536,"S","J"],[139.448,2.206,-235.207,0.612,0,-0.791,0,1,0,0.791,0,0.612,9.815,-30.884,12.635,"S","J"],[139.509,2.007,-235.128,0.612,0,-0.791,0,1,0,0.791,0,0.612,9.798,-32.111,12.649,"S","J"],[139.561,1.833,-235.061,0.612,0,-0.791,0,1,0,0.791,0,0.612,9.795,-33.143,12.652,"S","J"],[139.619,1.63,-234.986,0.612,0,-0.791,0,1,0,0.791,0,0.612,9.794,-34.307,12.653,"S","J"],[139.697,1.345,-234.885,0.612,0,-0.791,0,1,0,0.791,0,0.612,9.792,-35.881,12.654,"S","J"],[139.765,1.089,-234.797,0.612,0,-0.791,0,1,0,0.791,0,0.612,9.791,-37.24,12.654,"S","J"],[139.843,0.785,-234.696,0.612,0,-0.791,0,1,0,0.791,0,0.612,9.791,-38.799,12.654,"S","J"],[139.866,0.691,-234.667,0.612,0,-0.791,0,1,0,0.791,0,0.612,9.791,-39.266,12.654,"S","J"],[139.916,0.486,-234.602,0.612,0,-0.791,0,1,0,0.791,0,0.612,9.791,-40.269,12.654,"S","J"],[139.977,0.227,-234.523,0.612,0,-0.791,0,1,0,0.791,0,0.612,9.791,-41.493,12.654,"S","J"],[140.064,0.196,-234.411,0.613,0,-0.79,0,1,0,0.79,0,0.613,9.791,7.392,12.638,7,"J"],[140.115,0.335,-234.345,0.613,0,-0.79,0,1,0,0.79,0,0.613,9.791,33.035,12.63,"S","J"],[140.186,0.623,-234.253,0.613,0,-0.79,0,1,0,0.79,0,0.613,9.791,39.203,12.628,"S","J"],[140.23,0.801,-234.196,0.613,0,-0.79,0,1,0,0.79,0,0.613,9.791,39.154,12.628,"S","J"],[140.328,1.145,-234.069,0.613,0,-0.79,0,1,0,0.79,0,0.613,9.791,31.592,12.628,"S","J"],[140.37,1.265,-234.015,0.613,0,-0.79,0,1,0,0.79,0,0.613,9.791,28.314,12.628,"S","J"],[140.404,1.352,-233.972,0.613,0,-0.79,0,1,0,0.79,0,0.613,9.791,25.576,12.628,"S","J"],[140.48,1.512,-233.875,0.613,0,-0.79,0,1,0,0.79,0,0.613,9.791,20.009,12.628,"S","J"],[140.528,1.598,-233.812,0.613,0,-0.79,0,1,0,0.79,0,0.613,9.791,16.523,12.628,8,"J"],[140.603,1.696,-233.716,0.613,0,-0.79,0,1,0,0.79,0,0.613,9.791,12.275,12.628,"S","J"],[140.657,1.754,-233.645,0.613,0,-0.79,0,1,0,0.79,0,0.613,9.791,9.767,12.628,"S","J"],[140.726,1.808,-233.557,0.613,0,-0.79,0,1,0,0.79,0,0.613,9.791,7.483,12.628,"S","J"],[140.771,1.839,-233.498,0.613,0,-0.79,0,1,0,0.79,0,0.613,9.791,6.185,12.628,"S","J"],[140.844,1.874,-233.405,0.613,0,-0.79,0,1,0,0.79,0,0.613,9.791,4.581,12.628,"S","J"],[140.89,1.892,-233.346,0.613,0,-0.79,0,1,0,0.79,0,0.613,9.791,3.678,12.628,"S","J"],[140.933,1.905,-233.289,0.613,0,-0.79,0,1,0,0.79,0,0.613,9.791,2.942,12.628,"S","J"],[141.012,1.922,-233.188,0.614,0,-0.79,0,1,0,0.79,0,0.614,9.801,1.968,12.621,"S","J"],[141.082,2.247,-233.097,0.614,0,-0.79,0,1,0,0.79,0,0.614,9.802,39.246,12.62,"S","J"],[141.13,2.502,-233.036,0.614,0,-0.79,0,1,0,0.79,0,0.614,9.802,52.486,12.62,3,"J"],[141.174,2.732,-232.979,0.614,0,-0.79,0,1,0,0.79,0,0.614,9.808,51.614,12.626,"S","J"],[141.246,3.104,-232.886,0.614,0,-0.79,0,1,0,0.79,0,0.614,9.815,50.166,12.633,5,"J"],[141.29,3.325,-232.83,0.614,0,-0.79,0,1,0,0.79,0,0.614,9.816,49.288,12.634,"S","J"],[141.366,3.693,-232.733,0.614,0,-0.79,0,1,0,0.79,0,0.614,9.817,47.782,12.634,"S","J"],[141.409,3.901,-232.677,0.614,0,-0.79,0,1,0,0.79,0,0.614,9.817,46.918,12.634,"S","J"],[141.464,4.16,-232.606,0.614,0,-0.79,0,1,0,0.79,0,0.614,9.817,45.809,12.635,"S","J"],[141.533,4.476,-232.517,0.614,0,-0.79,0,1,0,0.79,0,0.614,9.817,44.429,12.635,"S","J"],[141.599,4.764,-232.432,0.614,0,-0.79,0,1,0,0.79,0,0.614,9.817,43.118,12.635,"S","J"],[141.65,4.987,-232.366,0.614,0,-0.79,0,1,0,0.79,0,0.614,9.817,42.088,12.635,"S","J"],[141.695,5.175,-232.309,0.614,0,-0.79,0,1,0,0.79,0,0.614,9.817,41.193,12.635,"S","J"],[141.744,5.376,-232.245,0.614,0,-0.79,0,1,0,0.79,0,0.614,9.817,40.212,12.635,"S","J"],[141.805,5.618,-232.168,0.614,0,-0.79,0,1,0,0.79,0,0.614,9.817,39.003,12.635,"S","J"],[141.869,5.864,-232.085,0.614,0,-0.79,0,1,0,0.79,0,0.614,9.817,37.725,12.635,"S","J"],[141.938,6.124,-231.996,0.614,0,-0.79,0,1,0,0.79,0,0.614,9.817,36.336,12.635,"S","J"],[141.976,6.262,-231.947,0.614,0,-0.79,0,1,0,0.79,0,0.614,9.817,35.581,12.635,"S","J"],[142.046,6.508,-231.856,0.614,0,-0.79,0,1,0,0.79,0,0.614,9.817,34.171,12.635,"S","J"],[142.11,6.722,-231.774,0.614,0,-0.79,0,1,0,0.79,0,0.614,9.817,32.902,12.635,"S","J"],[142.176,6.937,-231.69,0.614,0,-0.79,0,1,0,0.79,0,0.614,9.817,31.588,12.635,"S","J"],[142.241,7.139,-231.606,0.614,0,-0.79,0,1,0,0.79,0,0.614,9.817,30.284,12.635,"S","J"],[142.321,7.375,-231.503,0.614,0,-0.79,0,1,0,0.79,0,0.614,9.817,28.695,12.635,"S","J"],[142.356,7.477,-231.457,0.614,0,-0.79,0,1,0,0.79,0,0.614,9.817,27.975,12.635,"S","J"],[142.424,7.66,-231.371,0.614,0,-0.79,0,1,0,0.79,0,0.614,9.817,26.628,12.635,"S","J"],[142.501,7.862,-231.271,0.614,0,-0.79,0,1,0,0.79,0,0.614,9.817,25.081,12.635,"S","J"],[142.561,8.008,-231.195,0.614,0,-0.79,0,1,0,0.79,0,0.614,9.817,23.893,12.635,"S","J"],[142.654,8.222,-231.075,0.614,0,-0.79,0,1,0,0.79,0,0.614,9.817,22.031,12.635,"S","J"],[142.706,8.334,-231.008,0.614,0,-0.79,0,1,0,0.79,0,0.614,9.817,20.993,12.635,"S","J"],[142.761,8.445,-230.937,0.614,0,-0.79,0,1,0,0.79,0,0.614,9.817,19.892,12.635,"S","J"],[142.814,8.549,-230.869,0.614,0,-0.79,0,1,0,0.79,0,0.614,9.817,18.832,12.635,"S","J"],[142.872,8.653,-230.795,0.614,0,-0.79,0,1,0,0.79,0,0.614,9.817,17.678,12.635,"S","J"],[142.929,8.752,-230.72,0.614,0,-0.79,0,1,0,0.79,0,0.614,9.817,16.528,12.635,"S","J"],[142.996,8.855,-230.634,0.614,0,-0.79,0,1,0,0.79,0,0.614,9.817,15.192,12.635,"S","J"],[143.067,8.958,-230.544,0.614,0,-0.79,0,1,0,0.79,0,0.614,9.817,13.784,12.635,"S","J"],[143.135,9.045,-230.457,0.614,0,-0.79,0,1,0,0.79,0,0.614,9.817,12.431,12.635,"S","J"],[143.177,9.095,-230.402,0.614,0,-0.79,0,1,0,0.79,0,0.614,9.817,11.59,12.635,"S","J"],[143.225,9.148,-230.341,0.614,0,-0.79,0,1,0,0.79,0,0.614,9.817,10.626,12.635,"S","J"],[143.273,9.194,-230.278,0.614,0,-0.79,0,1,0,0.79,0,0.614,9.817,9.657,12.635,"S","J"],[143.361,9.269,-230.165,0.614,0,-0.79,0,1,0,0.79,0,0.614,9.817,7.906,12.635,"S","J"],[143.426,9.317,-230.08,0.614,0,-0.79,0,1,0,0.79,0,0.614,9.817,6.594,12.635,"S","J"],[143.466,9.34,-230.03,0.614,0,-0.79,0,1,0,0.79,0,0.614,9.817,5.811,12.635,"S","J"],[143.525,9.367,-229.955,0.614,0,-0.79,0,1,0,0.79,0,0.614,9.817,4.634,12.635,"S","J"],[143.584,9.39,-229.878,0.614,0,-0.79,0,1,0,0.79,0,0.614,9.817,3.447,12.635,"S","J"],[143.623,9.401,-229.828,0.614,0,-0.79,0,1,0,0.79,0,0.614,9.817,2.671,12.635,"S"